1	66
2	54
3	50
4	48
5	46
6	46
7	46
8	45
9	44
10	43
11	43
12	43
13	43
14	43
15	42
16	42
17	42
18	42
19	42
20	42
21	42
22	41
23	40
24	40
25	40
26	39
27	39
28	38
29	38
30	38
31	38
32	38
33	38
34	38
35	38
36	37
37	37
38	37
39	37
40	37
41	36
42	36
43	36
44	36
45	36
46	36
47	36
48	35
49	35
50	35
51	35
52	35
53	35
54	35
55	35
56	35
57	35
58	35
59	35
60	35
61	35
62	35
63	34
64	34
65	34
66	34
67	34
68	34
69	34
70	34
71	34
72	34
73	34
74	34
75	34
76	34
77	33
78	33
79	33
80	33
81	33
82	33
83	33
84	33
85	33
86	33
87	33
88	32
89	32
90	32
91	32
92	32
93	32
94	32
95	32
96	32
97	32
98	32
99	32
100	32
101	31
102	31
103	31
104	31
105	31
106	31
107	31
108	31
109	31
110	31
111	31
112	31
113	31
114	31
115	31
116	31
117	31
118	30
119	30
120	30
121	30
122	30
123	30
124	30
125	30
126	30
127	30
128	30
129	30
130	30
131	30
132	30
133	30
134	30
135	30
136	30
137	30
138	30
139	30
140	30
141	30
142	30
143	29
144	29
145	29
146	29
147	29
148	29
149	29
150	29
151	29
152	29
153	29
154	29
155	29
156	29
157	29
158	29
159	29
160	29
161	29
162	29
163	29
164	29
165	29
166	29
167	28
168	28
169	28
170	28
171	28
172	28
173	28
174	28
175	28
176	28
177	28
178	28
179	28
180	28
181	28
182	28
183	28
184	28
185	28
186	28
187	28
188	28
189	28
190	28
191	28
192	28
193	28
194	27
195	27
196	27
197	27
198	27
199	27
200	27
201	27
202	27
203	27
204	27
205	27
206	27
207	27
208	27
209	27
210	27
211	27
212	27
213	27
214	27
215	27
216	27
217	27
218	27
219	27
220	27
221	27
222	27
223	27
224	26
225	26
226	26
227	26
228	26
229	26
230	26
231	26
232	26
233	26
234	26
235	26
236	26
237	26
238	26
239	26
240	26
241	26
242	26
243	26
244	26
245	26
246	26
247	26
248	26
249	26
250	26
251	26
252	26
253	26
254	26
255	26
256	25.5
257	25.5
258	25
259	25
260	25
261	25
262	25
263	25
264	25
265	25
266	25
267	25
268	25
269	25
270	25
271	25
272	25
273	25
274	25
275	25
276	25
277	25
278	25
279	25
280	25
281	25
282	25
283	25
284	25
285	25
286	25
287	25
288	25
289	25
290	25
291	25
292	25
293	25
294	25
295	25
296	25
297	25
298	25
299	24.5
300	24
301	24
302	24
303	24
304	24
305	24
306	24
307	24
308	24
309	24
310	24
311	24
312	24
313	24
314	24
315	24
316	24
317	24
318	24
319	24
320	24
321	24
322	24
323	24
324	24
325	24
326	24
327	24
328	24
329	24
330	24
331	24
332	24
333	24
334	24
335	24
336	24
337	24
338	24
339	24
340	24
341	24
342	24
343	24
344	23
345	23
346	23
347	23
348	23
349	23
350	23
351	23
352	23
353	23
354	23
355	23
356	23
357	23
358	23
359	23
360	23
361	23
362	23
363	23
364	23
365	23
366	23
367	23
368	23
369	23
370	23
371	23
372	23
373	23
374	23
375	23
376	23
377	23
378	23
379	23
380	23
381	23
382	23
383	23
384	23
385	23
386	23
387	23
388	23
389	23
390	23
391	23
392	23
393	23
394	23
395	23
396	23
397	23
398	23
399	23
400	23
401	23
402	23
403	23
404	23
405	23
406	23
407	23
408	23
409	23
410	23
411	23
412	23
413	22
414	22
415	22
416	22
417	22
418	22
419	22
420	22
421	22
422	22
423	22
424	22
425	22
426	22
427	22
428	22
429	22
430	22
431	22
432	22
433	22
434	22
435	22
436	22
437	22
438	22
439	22
440	22
441	22
442	22
443	22
444	22
445	22
446	22
447	22
448	22
449	22
450	22
451	22
452	22
453	22
454	22
455	22
456	22
457	22
458	22
459	22
460	22
461	22
462	22
463	22
464	22
465	22
466	22
467	22
468	22
469	22
470	22
471	22
472	22
473	22
474	22
475	22
476	22
477	22
478	22
479	22
480	22
481	22
482	22
483	22
484	22
485	22
486	22
487	22
488	22
489	22
490	22
491	22
492	21
493	21
494	21
495	21
496	21
497	21
498	21
499	21
500	21
501	21
502	21
503	21
504	21
505	21
506	21
507	21
508	21
509	21
510	21
511	21
512	21
513	21
514	21
515	21
516	21
517	21
518	21
519	21
520	21
521	21
522	21
523	21
524	21
525	21
526	21
527	21
528	21
529	21
530	21
531	21
532	21
533	21
534	21
535	21
536	21
537	21
538	21
539	21
540	21
541	21
542	21
543	21
544	21
545	21
546	21
547	21
548	21
549	21
550	21
551	21
552	21
553	21
554	21
555	21
556	21
557	21
558	21
559	21
560	21
561	21
562	21
563	21
564	21
565	21
566	21
567	21
568	21
569	20
570	20
571	20
572	20
573	20
574	20
575	20
576	20
577	20
578	20
579	20
580	20
581	20
582	20
583	20
584	20
585	20
586	20
587	20
588	20
589	20
590	20
591	20
592	20
593	20
594	20
595	20
596	20
597	20
598	20
599	20
600	20
601	20
602	20
603	20
604	20
605	20
606	20
607	20
608	20
609	20
610	20
611	20
612	20
613	20
614	20
615	20
616	20
617	20
618	20
619	20
620	20
621	20
622	20
623	20
624	20
625	20
626	20
627	20
628	20
629	20
630	20
631	20
632	20
633	20
634	20
635	20
636	20
637	20
638	20
639	20
640	20
641	20
642	20
643	20
644	20
645	20
646	20
647	20
648	20
649	20
650	20
651	20
652	20
653	20
654	20
655	20
656	20
657	20
658	20
659	20
660	20
661	20
662	20
663	20
664	20
665	19.5
666	19
667	19
668	19
669	19
670	19
671	19
672	19
673	19
674	19
675	19
676	19
677	19
678	19
679	19
680	19
681	19
682	19
683	19
684	19
685	19
686	19
687	19
688	19
689	19
690	19
691	19
692	19
693	19
694	19
695	19
696	19
697	19
698	19
699	19
700	19
701	19
702	19
703	19
704	19
705	19
706	19
707	19
708	19
709	19
710	19
711	19
712	19
713	19
714	19
715	19
716	19
717	19
718	19
719	19
720	19
721	19
722	19
723	19
724	19
725	19
726	19
727	19
728	19
729	19
730	19
731	19
732	19
733	19
734	19
735	19
736	19
737	19
738	19
739	19
740	19
741	19
742	19
743	19
744	19
745	19
746	19
747	19
748	19
749	19
750	19
751	19
752	19
753	19
754	19
755	19
756	19
757	19
758	19
759	19
760	19
761	19
762	18.5
763	18.5
764	18
765	18
766	18
767	18
768	18
769	18
770	18
771	18
772	18
773	18
774	18
775	18
776	18
777	18
778	18
779	18
780	18
781	18
782	18
783	18
784	18
785	18
786	18
787	18
788	18
789	18
790	18
791	18
792	18
793	18
794	18
795	18
796	18
797	18
798	18
799	18
800	18
801	18
802	18
803	18
804	18
805	18
806	18
807	18
808	18
809	18
810	18
811	18
812	18
813	18
814	18
815	18
816	18
817	18
818	18
819	18
820	18
821	18
822	18
823	18
824	18
825	18
826	18
827	18
828	18
829	18
830	18
831	18
832	18
833	18
834	18
835	18
836	18
837	18
838	18
839	18
840	18
841	18
842	18
843	18
844	18
845	18
846	18
847	18
848	18
849	18
850	18
851	18
852	18
853	18
854	18
855	18
856	18
857	18
858	18
859	18
860	18
861	18
862	18
863	18
864	18
865	18
866	18
867	18
868	18
869	18
870	18
871	18
872	18
873	18
874	18
875	18
876	18
877	18
878	17
879	17
880	17
881	17
882	17
883	17
884	17
885	17
886	17
887	17
888	17
889	17
890	17
891	17
892	17
893	17
894	17
895	17
896	17
897	17
898	17
899	17
900	17
901	17
902	17
903	17
904	17
905	17
906	17
907	17
908	17
909	17
910	17
911	17
912	17
913	17
914	17
915	17
916	17
917	17
918	17
919	17
920	17
921	17
922	17
923	17
924	17
925	17
926	17
927	17
928	17
929	17
930	17
931	17
932	17
933	17
934	17
935	17
936	17
937	17
938	17
939	17
940	17
941	17
942	17
943	17
944	17
945	17
946	17
947	17
948	17
949	17
950	17
951	17
952	17
953	17
954	17
955	17
956	17
957	17
958	17
959	17
960	17
961	17
962	17
963	17
964	17
965	17
966	17
967	17
968	17
969	17
970	17
971	17
972	17
973	17
974	17
975	17
976	17
977	17
978	17
979	17
980	17
981	17
982	17
983	17
984	17
985	17
986	17
987	17
988	17
989	17
990	17
991	17
992	17
993	17
994	17
995	17
996	17
997	16.5
998	16.5
999	16.5
1000	16.5
1001	16.5
1002	16
1003	16
1004	16
1005	16
1006	16
1007	16
1008	16
1009	16
1010	16
1011	16
1012	16
1013	16
1014	16
1015	16
1016	16
1017	16
1018	16
1019	16
1020	16
1021	16
1022	16
1023	16
1024	16
1025	16
1026	16
1027	16
1028	16
1029	16
1030	16
1031	16
1032	16
1033	16
1034	16
1035	16
1036	16
1037	16
1038	16
1039	16
1040	16
1041	16
1042	16
1043	16
1044	16
1045	16
1046	16
1047	16
1048	16
1049	16
1050	16
1051	16
1052	16
1053	16
1054	16
1055	16
1056	16
1057	16
1058	16
1059	16
1060	16
1061	16
1062	16
1063	16
1064	16
1065	16
1066	16
1067	16
1068	16
1069	16
1070	16
1071	16
1072	16
1073	16
1074	16
1075	16
1076	16
1077	16
1078	16
1079	16
1080	16
1081	16
1082	16
1083	16
1084	16
1085	16
1086	16
1087	16
1088	16
1089	16
1090	16
1091	16
1092	16
1093	16
1094	16
1095	16
1096	16
1097	16
1098	16
1099	16
1100	16
1101	16
1102	16
1103	16
1104	16
1105	16
1106	16
1107	16
1108	16
1109	16
1110	16
1111	16
1112	16
1113	16
1114	16
1115	16
1116	16
1117	16
1118	16
1119	16
1120	16
1121	16
1122	15.5
1123	15.5
1124	15.5
1125	15
1126	15
1127	15
1128	15
1129	15
1130	15
1131	15
1132	15
1133	15
1134	15
1135	15
1136	15
1137	15
1138	15
1139	15
1140	15
1141	15
1142	15
1143	15
1144	15
1145	15
1146	15
1147	15
1148	15
1149	15
1150	15
1151	15
1152	15
1153	15
1154	15
1155	15
1156	15
1157	15
1158	15
1159	15
1160	15
1161	15
1162	15
1163	15
1164	15
1165	15
1166	15
1167	15
1168	15
1169	15
1170	15
1171	15
1172	15
1173	15
1174	15
1175	15
1176	15
1177	15
1178	15
1179	15
1180	15
1181	15
1182	15
1183	15
1184	15
1185	15
1186	15
1187	15
1188	15
1189	15
1190	15
1191	15
1192	15
1193	15
1194	15
1195	15
1196	15
1197	15
1198	15
1199	15
1200	15
1201	15
1202	15
1203	15
1204	15
1205	15
1206	15
1207	15
1208	15
1209	15
1210	15
1211	15
1212	15
1213	15
1214	15
1215	15
1216	15
1217	15
1218	15
1219	15
1220	15
1221	15
1222	15
1223	15
1224	15
1225	15
1226	15
1227	15
1228	15
1229	15
1230	15
1231	15
1232	15
1233	15
1234	15
1235	15
1236	15
1237	14.5
1238	14.5
1239	14.5
1240	14
1241	14
1242	14
1243	14
1244	14
1245	14
1246	14
1247	14
1248	14
1249	14
1250	14
1251	14
1252	14
1253	14
1254	14
1255	14
1256	14
1257	14
1258	14
1259	14
1260	14
1261	14
1262	14
1263	14
1264	14
1265	14
1266	14
1267	14
1268	14
1269	14
1270	14
1271	14
1272	14
1273	14
1274	14
1275	14
1276	14
1277	14
1278	14
1279	14
1280	14
1281	14
1282	14
1283	14
1284	14
1285	14
1286	14
1287	14
1288	14
1289	14
1290	14
1291	14
1292	14
1293	14
1294	14
1295	14
1296	14
1297	14
1298	14
1299	14
1300	14
1301	14
1302	14
1303	14
1304	14
1305	14
1306	14
1307	14
1308	14
1309	14
1310	14
1311	14
1312	14
1313	14
1314	14
1315	14
1316	14
1317	14
1318	14
1319	14
1320	14
1321	14
1322	14
1323	14
1324	14
1325	14
1326	14
1327	14
1328	14
1329	14
1330	14
1331	14
1332	14
1333	14
1334	14
1335	14
1336	14
1337	14
1338	14
1339	14
1340	14
1341	14
1342	14
1343	14
1344	14
1345	14
1346	14
1347	14
1348	14
1349	14
1350	14
1351	14
1352	14
1353	14
1354	14
1355	14
1356	14
1357	14
1358	14
1359	14
1360	14
1361	14
1362	14
1363	14
1364	14
1365	14
1366	14
1367	14
1368	14
1369	14
1370	14
1371	14
1372	14
1373	13.6667
1374	13.5
1375	13.3333
1376	13
1377	13
1378	13
1379	13
1380	13
1381	13
1382	13
1383	13
1384	13
1385	13
1386	13
1387	13
1388	13
1389	13
1390	13
1391	13
1392	13
1393	13
1394	13
1395	13
1396	13
1397	13
1398	13
1399	13
1400	13
1401	13
1402	13
1403	13
1404	13
1405	13
1406	13
1407	13
1408	13
1409	13
1410	13
1411	13
1412	13
1413	13
1414	13
1415	13
1416	13
1417	13
1418	13
1419	13
1420	13
1421	13
1422	13
1423	13
1424	13
1425	13
1426	13
1427	13
1428	13
1429	13
1430	13
1431	13
1432	13
1433	13
1434	13
1435	13
1436	13
1437	13
1438	13
1439	13
1440	13
1441	13
1442	13
1443	13
1444	13
1445	13
1446	13
1447	13
1448	13
1449	13
1450	13
1451	13
1452	13
1453	13
1454	13
1455	13
1456	13
1457	13
1458	13
1459	13
1460	13
1461	13
1462	13
1463	13
1464	13
1465	13
1466	13
1467	13
1468	13
1469	13
1470	13
1471	13
1472	13
1473	13
1474	13
1475	13
1476	13
1477	13
1478	13
1479	13
1480	13
1481	13
1482	13
1483	13
1484	13
1485	13
1486	13
1487	13
1488	13
1489	13
1490	13
1491	13
1492	13
1493	13
1494	13
1495	13
1496	13
1497	13
1498	13
1499	13
1500	13
1501	13
1502	13
1503	13
1504	13
1505	13
1506	13
1507	13
1508	13
1509	13
1510	13
1511	13
1512	13
1513	13
1514	13
1515	13
1516	13
1517	13
1518	13
1519	13
1520	13
1521	13
1522	12.5
1523	12.5
1524	12.5
1525	12.5
1526	12.5
1527	12.5
1528	12
1529	12
1530	12
1531	12
1532	12
1533	12
1534	12
1535	12
1536	12
1537	12
1538	12
1539	12
1540	12
1541	12
1542	12
1543	12
1544	12
1545	12
1546	12
1547	12
1548	12
1549	12
1550	12
1551	12
1552	12
1553	12
1554	12
1555	12
1556	12
1557	12
1558	12
1559	12
1560	12
1561	12
1562	12
1563	12
1564	12
1565	12
1566	12
1567	12
1568	12
1569	12
1570	12
1571	12
1572	12
1573	12
1574	12
1575	12
1576	12
1577	12
1578	12
1579	12
1580	12
1581	12
1582	12
1583	12
1584	12
1585	12
1586	12
1587	12
1588	12
1589	12
1590	12
1591	12
1592	12
1593	12
1594	12
1595	12
1596	12
1597	12
1598	12
1599	12
1600	12
1601	12
1602	12
1603	12
1604	12
1605	12
1606	12
1607	12
1608	12
1609	12
1610	12
1611	12
1612	12
1613	12
1614	12
1615	12
1616	12
1617	12
1618	12
1619	12
1620	12
1621	12
1622	12
1623	12
1624	12
1625	12
1626	12
1627	12
1628	12
1629	12
1630	12
1631	12
1632	12
1633	12
1634	12
1635	12
1636	12
1637	12
1638	12
1639	12
1640	12
1641	12
1642	12
1643	12
1644	12
1645	12
1646	11.5
1647	11.5
1648	11.5
1649	11.5
1650	11.5
1651	11.5
1652	11.5
1653	11.5
1654	11.5
1655	11.5
1656	11.3333
1657	11
1658	11
1659	11
1660	11
1661	11
1662	11
1663	11
1664	11
1665	11
1666	11
1667	11
1668	11
1669	11
1670	11
1671	11
1672	11
1673	11
1674	11
1675	11
1676	11
1677	11
1678	11
1679	11
1680	11
1681	11
1682	11
1683	11
1684	11
1685	11
1686	11
1687	11
1688	11
1689	11
1690	11
1691	11
1692	11
1693	11
1694	11
1695	11
1696	11
1697	11
1698	11
1699	11
1700	11
1701	11
1702	11
1703	11
1704	11
1705	11
1706	11
1707	11
1708	11
1709	11
1710	11
1711	11
1712	11
1713	11
1714	11
1715	11
1716	11
1717	11
1718	11
1719	11
1720	11
1721	11
1722	11
1723	11
1724	11
1725	11
1726	11
1727	11
1728	11
1729	11
1730	11
1731	11
1732	11
1733	11
1734	11
1735	11
1736	11
1737	11
1738	11
1739	11
1740	11
1741	11
1742	11
1743	11
1744	11
1745	11
1746	11
1747	11
1748	11
1749	11
1750	11
1751	11
1752	11
1753	11
1754	11
1755	11
1756	11
1757	11
1758	11
1759	11
1760	11
1761	11
1762	11
1763	11
1764	11
1765	11
1766	11
1767	11
1768	11
1769	11
1770	11
1771	11
1772	11
1773	11
1774	11
1775	10.6667
1776	10.5
1777	10.5
1778	10.5
1779	10.5
1780	10.5
1781	10.5
1782	10.5
1783	10.5
1784	10.5
1785	10.5
1786	10.5
1787	10.3333
1788	10.3333
1789	10.3333
1790	10.3333
1791	10
1792	10
1793	10
1794	10
1795	10
1796	10
1797	10
1798	10
1799	10
1800	10
1801	10
1802	10
1803	10
1804	10
1805	10
1806	10
1807	10
1808	10
1809	10
1810	10
1811	10
1812	10
1813	10
1814	10
1815	10
1816	10
1817	10
1818	10
1819	10
1820	10
1821	10
1822	10
1823	10
1824	10
1825	10
1826	10
1827	10
1828	10
1829	10
1830	10
1831	10
1832	10
1833	10
1834	10
1835	10
1836	10
1837	10
1838	10
1839	10
1840	10
1841	10
1842	10
1843	10
1844	10
1845	10
1846	10
1847	10
1848	10
1849	10
1850	10
1851	10
1852	10
1853	10
1854	10
1855	10
1856	10
1857	10
1858	10
1859	10
1860	10
1861	10
1862	10
1863	10
1864	10
1865	10
1866	10
1867	10
1868	10
1869	10
1870	10
1871	10
1872	10
1873	10
1874	10
1875	10
1876	10
1877	10
1878	10
1879	10
1880	10
1881	10
1882	10
1883	10
1884	10
1885	10
1886	10
1887	10
1888	10
1889	10
1890	10
1891	10
1892	10
1893	10
1894	10
1895	10
1896	10
1897	10
1898	10
1899	10
1900	10
1901	10
1902	10
1903	10
1904	10
1905	10
1906	10
1907	9.66667
1908	9.66667
1909	9.5
1910	9.5
1911	9.5
1912	9.5
1913	9.5
1914	9.5
1915	9.5
1916	9.5
1917	9.5
1918	9.5
1919	9.5
1920	9.5
1921	9.5
1922	9.5
1923	9.5
1924	9.5
1925	9.5
1926	9.5
1927	9.5
1928	9.5
1929	9.33333
1930	9.33333
1931	9.33333
1932	9.25
1933	9.25
1934	9
1935	9
1936	9
1937	9
1938	9
1939	9
1940	9
1941	9
1942	9
1943	9
1944	9
1945	9
1946	9
1947	9
1948	9
1949	9
1950	9
1951	9
1952	9
1953	9
1954	9
1955	9
1956	9
1957	9
1958	9
1959	9
1960	9
1961	9
1962	9
1963	9
1964	9
1965	9
1966	9
1967	9
1968	9
1969	9
1970	9
1971	9
1972	9
1973	9
1974	9
1975	9
1976	9
1977	9
1978	9
1979	9
1980	9
1981	9
1982	9
1983	9
1984	9
1985	9
1986	9
1987	9
1988	9
1989	9
1990	9
1991	9
1992	9
1993	9
1994	9
1995	9
1996	9
1997	9
1998	9
1999	9
2000	9
2001	9
2002	9
2003	9
2004	9
2005	9
2006	9
2007	9
2008	9
2009	9
2010	9
2011	9
2012	9
2013	9
2014	9
2015	9
2016	9
2017	9
2018	9
2019	9
2020	9
2021	9
2022	9
2023	9
2024	9
2025	9
2026	9
2027	9
2028	9
2029	9
2030	9
2031	9
2032	9
2033	9
2034	9
2035	9
2036	9
2037	9
2038	9
2039	8.83333
2040	8.66667
2041	8.5
2042	8.5
2043	8.5
2044	8.5
2045	8.5
2046	8.5
2047	8.5
2048	8.5
2049	8.5
2050	8.5
2051	8.5
2052	8.5
2053	8.5
2054	8.5
2055	8.5
2056	8.5
2057	8.5
2058	8.33333
2059	8
2060	8
2061	8
2062	8
2063	8
2064	8
2065	8
2066	8
2067	8
2068	8
2069	8
2070	8
2071	8
2072	8
2073	8
2074	8
2075	8
2076	8
2077	8
2078	8
2079	8
2080	8
2081	8
2082	8
2083	8
2084	8
2085	8
2086	8
2087	8
2088	8
2089	8
2090	8
2091	8
2092	8
2093	8
2094	8
2095	8
2096	8
2097	8
2098	8
2099	8
2100	8
2101	8
2102	8
2103	8
2104	8
2105	8
2106	8
2107	8
2108	8
2109	8
2110	8
2111	8
2112	8
2113	8
2114	8
2115	8
2116	8
2117	8
2118	8
2119	8
2120	8
2121	8
2122	8
2123	8
2124	8
2125	8
2126	8
2127	8
2128	8
2129	8
2130	8
2131	8
2132	8
2133	8
2134	8
2135	8
2136	8
2137	8
2138	8
2139	8
2140	8
2141	8
2142	8
2143	8
2144	7.8
2145	7.66667
2146	7.66667
2147	7.66667
2148	7.66667
2149	7.66667
2150	7.66667
2151	7.5
2152	7.5
2153	7.5
2154	7.5
2155	7.5
2156	7.5
2157	7.5
2158	7.5
2159	7.5
2160	7.5
2161	7.5
2162	7.5
2163	7.5
2164	7.5
2165	7.5
2166	7.5
2167	7.5
2168	7.5
2169	7.5
2170	7.5
2171	7.5
2172	7.5
2173	7.4
2174	7.33333
2175	7.33333
2176	7
2177	7
2178	7
2179	7
2180	7
2181	7
2182	7
2183	7
2184	7
2185	7
2186	7
2187	7
2188	7
2189	7
2190	7
2191	7
2192	7
2193	7
2194	7
2195	7
2196	7
2197	7
2198	7
2199	7
2200	7
2201	7
2202	7
2203	7
2204	7
2205	7
2206	7
2207	7
2208	7
2209	7
2210	7
2211	7
2212	7
2213	7
2214	7
2215	7
2216	7
2217	7
2218	7
2219	7
2220	7
2221	7
2222	7
2223	7
2224	7
2225	7
2226	7
2227	7
2228	7
2229	7
2230	7
2231	7
2232	7
2233	7
2234	7
2235	7
2236	7
2237	7
2238	7
2239	6.75
2240	6.66667
2241	6.66667
2242	6.66667
2243	6.66667
2244	6.66667
2245	6.5
2246	6.5
2247	6.5
2248	6.5
2249	6.5
2250	6.5
2251	6.5
2252	6.5
2253	6.5
2254	6.5
2255	6.5
2256	6.5
2257	6.5
2258	6.5
2259	6.5
2260	6.5
2261	6.5
2262	6.5
2263	6.5
2264	6.5
2265	6.5
2266	6.33333
2267	6.33333
2268	6.33333
2269	6.33333
2270	6.33333
2271	6.33333
2272	6.33333
2273	6.33333
2274	6
2275	6
2276	6
2277	6
2278	6
2279	6
2280	6
2281	6
2282	6
2283	6
2284	6
2285	6
2286	6
2287	6
2288	6
2289	6
2290	6
2291	6
2292	6
2293	6
2294	6
2295	6
2296	6
2297	6
2298	6
2299	6
2300	6
2301	6
2302	6
2303	6
2304	6
2305	6
2306	6
2307	6
2308	6
2309	6
2310	6
2311	6
2312	6
2313	6
2314	6
2315	6
2316	6
2317	6
2318	6
2319	6
2320	6
2321	6
2322	6
2323	6
2324	6
2325	6
2326	6
2327	6
2328	6
2329	6
2330	6
2331	6
2332	6
2333	6
2334	6
2335	6
2336	6
2337	6
2338	6
2339	6
2340	6
2341	6
2342	6
2343	6
2344	6
2345	6
2346	6
2347	6
2348	6
2349	5.75
2350	5.75
2351	5.66667
2352	5.66667
2353	5.66667
2354	5.5
2355	5.5
2356	5.5
2357	5.5
2358	5.5
2359	5.5
2360	5.5
2361	5.5
2362	5.5
2363	5.5
2364	5.5
2365	5.5
2366	5.5
2367	5.5
2368	5.5
2369	5.5
2370	5.5
2371	5.5
2372	5.5
2373	5.5
2374	5.5
2375	5.5
2376	5.5
2377	5.5
2378	5.4
2379	5.33333
2380	5.33333
2381	5.33333
2382	5.33333
2383	5.33333
2384	5.33333
2385	5.33333
2386	5.33333
2387	5.33333
2388	5.2
2389	5
2390	5
2391	5
2392	5
2393	5
2394	5
2395	5
2396	5
2397	5
2398	5
2399	5
2400	5
2401	5
2402	5
2403	5
2404	5
2405	5
2406	5
2407	5
2408	5
2409	5
2410	5
2411	5
2412	5
2413	5
2414	5
2415	5
2416	5
2417	5
2418	5
2419	5
2420	5
2421	5
2422	5
2423	5
2424	5
2425	5
2426	5
2427	5
2428	5
2429	5
2430	5
2431	5
2432	5
2433	5
2434	5
2435	5
2436	4.75
2437	4.75
2438	4.75
2439	4.75
2440	4.66667
2441	4.66667
2442	4.66667
2443	4.66667
2444	4.66667
2445	4.66667
2446	4.66667
2447	4.5
2448	4.5
2449	4.5
2450	4.5
2451	4.5
2452	4.5
2453	4.5
2454	4.5
2455	4.5
2456	4.5
2457	4.5
2458	4.5
2459	4.5
2460	4.5
2461	4.5
2462	4.5
2463	4.5
2464	4.5
2465	4.5
2466	4.5
2467	4.5
2468	4.4
2469	4.33333
2470	4.33333
2471	4.33333
2472	4.33333
2473	4.33333
2474	4.33333
2475	4.33333
2476	4.33333
2477	4.33333
2478	4.33333
2479	4.33333
2480	4.25
2481	4.25
2482	4.14286
2483	4
2484	4
2485	4
2486	4
2487	4
2488	4
2489	4
2490	4
2491	4
2492	4
2493	4
2494	4
2495	4
2496	4
2497	4
2498	4
2499	4
2500	4
2501	4
2502	4
2503	4
2504	4
2505	4
2506	4
2507	4
2508	4
2509	4
2510	4
2511	4
2512	4
2513	4
2514	4
2515	4
2516	3.83333
2517	3.83333
2518	3.8
2519	3.8
2520	3.8
2521	3.75
2522	3.75
2523	3.75
2524	3.66667
2525	3.66667
2526	3.66667
2527	3.66667
2528	3.66667
2529	3.66667
2530	3.66667
2531	3.6
2532	3.57143
2533	3.5
2534	3.5
2535	3.5
2536	3.5
2537	3.5
2538	3.5
2539	3.5
2540	3.5
2541	3.5
2542	3.5
2543	3.5
2544	3.5
2545	3.5
2546	3.5
2547	3.5
2548	3.5
2549	3.5
2550	3.5
2551	3.4
2552	3.4
2553	3.33333
2554	3.33333
2555	3.33333
2556	3.33333
2557	3.33333
2558	3.33333
2559	3.33333
2560	3.33333
2561	3.30769
2562	3.28571
2563	3.2
2564	3.2
2565	3.2
2566	3.2
2567	3.16667
2568	3.16667
2569	3.14286
2570	3.11111
2571	3
2572	3
2573	3
2574	3
2575	3
2576	3
2577	3
2578	3
2579	3
2580	3
2581	3
2582	3
2583	3
2584	3
2585	3
2586	3
2587	3
2588	3
2589	3
2590	3
2591	3
2592	3
2593	3
2594	3
2595	3
2596	3
2597	3
2598	2.83333
2599	2.8
2600	2.8
2601	2.8
2602	2.75
2603	2.75
2604	2.75
2605	2.75
2606	2.66667
2607	2.66667
2608	2.66667
2609	2.66667
2610	2.66667
2611	2.66667
2612	2.66667
2613	2.66667
2614	2.6
2615	2.6
2616	2.5
2617	2.5
2618	2.5
2619	2.5
2620	2.5
2621	2.5
2622	2.5
2623	2.5
2624	2.5
2625	2.5
2626	2.5
2627	2.42857
2628	2.4
2629	2.375
2630	2.33333
2631	2.33333
2632	2.33333
2633	2.33333
2634	2.33333
2635	2.33333
2636	2.33333
2637	2.28571
2638	2.25
2639	2.25
2640	2.25
2641	2.25
2642	2.25
2643	2.16667
2644	2.11111
2645	2
2646	2
2647	2
2648	2
2649	2
2650	2
2651	2
2652	2
2653	1.85714
2654	1.83333
2655	1.81818
2656	1.8
2657	1.8
2658	1.75
2659	1.75
2660	1.66667
2661	1.66667
2662	1.625
2663	1.625
2664	1.6
2665	1.58333
2666	1.57143
2667	1.5
2668	1.5
2669	1.5
2670	1.5
2671	1.5
2672	1.42857
2673	1.42857
2674	1.33333
2675	1.25
2676	1.22222
2677	1.18182
2678	1.16667
2679	1.14286
2680	1.08333
2681	1.07692
2682	1.06667
2683	1.06667
2684	1
2685	1
2686	1
2687	1
2688	1
2689	0.875
2690	0.846154
2691	0.833333
2692	0.833333
2693	0.8
2694	0.8
2695	0.764706
2696	0.736842
2697	0.709677
2698	0.705882
2699	0.7
2700	0.583333
2701	0.333333
2702	12
2703	10
2704	10
2705	10
2706	9
2707	8
2708	8
2709	8
2710	8
2711	8
2712	7
2713	7
2714	7
2715	7
2716	7
2717	7
2718	6
2719	6
2720	6
2721	6
2722	6
2723	6
2724	6
2725	6
2726	6
2727	6
2728	6
2729	6
2730	5
2731	5
2732	5
2733	5
2734	5
2735	5
2736	5
2737	5
2738	5
2739	5
2740	5
2741	5
2742	5
2743	5
2744	5
2745	5
2746	5
2747	5
2748	5
2749	5
2750	5
2751	4
2752	4
2753	4
2754	4
2755	4
2756	4
2757	4
2758	4
2759	4
2760	4
2761	4
2762	4
2763	4
2764	4
2765	4
2766	4
2767	4
2768	4
2769	4
2770	4
2771	4
2772	4
2773	4
2774	4
2775	4
2776	4
2777	4
2778	4
2779	4
2780	4
2781	3.66667
2782	3.5
2783	3.5
2784	3
2785	3
2786	3
2787	3
2788	3
2789	3
2790	3
2791	3
2792	3
2793	3
2794	3
2795	3
2796	3
2797	3
2798	3
2799	3
2800	3
2801	3
2802	3
2803	3
2804	3
2805	3
2806	3
2807	3
2808	3
2809	3
2810	3
2811	3
2812	3
2813	3
2814	3
2815	3
2816	3
2817	3
2818	3
2819	3
2820	3
2821	3
2822	3
2823	3
2824	3
2825	3
2826	3
2827	3
2828	3
2829	3
2830	3
2831	3
2832	2.66667
2833	2.5
2834	2.5
2835	2.5
2836	2.5
2837	2.5
2838	2
2839	2
2840	2
2841	2
2842	2
2843	2
2844	2
2845	2
2846	2
2847	2
2848	2
2849	2
2850	2
2851	2
2852	2
2853	2
2854	2
2855	2
2856	2
2857	2
2858	2
2859	2
2860	2
2861	2
2862	2
2863	2
2864	2
2865	2
2866	2
2867	2
2868	2
2869	2
2870	2
2871	2
2872	2
2873	2
2874	2
2875	2
2876	2
2877	2
2878	2
2879	2
2880	2
2881	2
2882	2
2883	2
2884	2
2885	2
2886	2
2887	2
2888	2
2889	2
2890	2
2891	2
2892	2
2893	2
2894	2
2895	2
2896	2
2897	2
2898	2
2899	2
2900	2
2901	2
2902	2
2903	1.66667
2904	1.66667
2905	1.66667
2906	1.5
2907	1.5
2908	1.5
2909	1.5
2910	1.5
2911	1.5
2912	1.5
2913	1.5
2914	1.5
2915	1.5
2916	1.5
2917	1.5
2918	1.5
2919	1.5
2920	1.5
2921	1.5
2922	1.5
2923	1.5
2924	1.5
2925	1.33333
2926	1.33333
2927	1.33333
2928	1.33333
2929	1.25
2930	1
2931	1
2932	1
2933	1
2934	1
2935	1
2936	1
2937	1
2938	1
2939	1
2940	1
2941	1
2942	1
2943	1
2944	1
2945	1
2946	1
2947	1
2948	1
2949	1
2950	1
2951	1
2952	1
2953	1
2954	1
2955	1
2956	1
2957	1
2958	1
2959	1
2960	1
2961	1
2962	1
2963	1
2964	1
2965	1
2966	1
2967	1
2968	1
2969	1
2970	1
2971	1
2972	1
2973	1
2974	1
2975	1
2976	1
2977	1
2978	1
2979	1
2980	1
2981	1
2982	1
2983	1
2984	1
2985	1
2986	1
2987	1
2988	1
2989	1
2990	1
2991	1
2992	1
2993	1
2994	1
2995	1
2996	1
2997	1
2998	1
2999	1
3000	1
3001	1
3002	1
3003	1
3004	1
3005	1
3006	1
3007	1
3008	1
3009	1
3010	1
3011	1
3012	1
3013	1
3014	1
3015	1
3016	1
3017	1
3018	1
3019	1
3020	1
3021	1
3022	1
3023	1
3024	1
3025	1
3026	1
3027	1
3028	1
3029	1
3030	1
3031	1
3032	1
3033	1
3034	1
3035	1
3036	1
3037	0.928571
3038	0.857143
3039	0.8
3040	0.75
3041	0.75
3042	0.75
3043	0.75
3044	0.666667
3045	0.666667
3046	0.666667
3047	0.666667
3048	0.666667
3049	0.666667
3050	0.666667
3051	0.666667
3052	0.666667
3053	0.5
3054	0.5
3055	0.5
3056	0.5
3057	0.5
3058	0.5
3059	0.5
3060	0.5
3061	0.5
3062	0.5
3063	0.5
3064	0.5
3065	0.5
3066	0.5
3067	0.5
3068	0.5
3069	0.5
3070	0.5
3071	0.5
3072	0.5
3073	0.5
3074	0.428571
3075	0.4
3076	0.4
3077	0.333333
3078	0.333333
3079	0.333333
3080	0.333333
3081	0.333333
3082	0.333333
3083	0.333333
3084	0.318182
3085	0.25
3086	0.25
3087	0.25
3088	0.235294
3089	0.2
3090	0.2
3091	0.2
3092	0.2
3093	0.2
3094	0.2
3095	0.142857
3096	0.133333
3097	0.125
3098	0.125
3099	0.117647
3100	0.111111
3101	0.1
3102	0.037037
3103	0
3104	0
3105	0
3106	0
3107	0
3108	0
3109	0
3110	0
3111	0
3112	0
3113	0
3114	0
3115	0
3116	0
3117	0
3118	0
3119	0
3120	0
3121	0
3122	0
3123	0
3124	0
3125	0
3126	0
3127	0
3128	0
3129	0
3130	0
3131	0
3132	0
3133	0
3134	0
3135	0
3136	0
3137	0
3138	0
3139	0
3140	0
3141	0
3142	0
3143	0
3144	0
3145	0
3146	0
3147	0
3148	0
3149	0
3150	0
3151	0
3152	0
3153	0
3154	0
3155	0
3156	0
3157	0
3158	0
3159	0
3160	0
3161	0
3162	0
3163	0
3164	0
3165	0
3166	0
3167	0
3168	0
3169	0
3170	0
3171	0
3172	0
3173	0
3174	0
3175	0
3176	26
3177	24
3178	24
3179	22
3180	22
3181	22
3182	21
3183	21
3184	19
3185	19
3186	18
3187	18
3188	18
3189	17
3190	17
3191	17
3192	17
3193	17
3194	17
3195	16
3196	16
3197	16
3198	16
3199	16
3200	15
3201	15
3202	15
3203	15
3204	15
3205	15
3206	14
3207	14
3208	14
3209	14
3210	14
3211	14
3212	14
3213	14
3214	13
3215	13
3216	13
3217	13
3218	13
3219	13
3220	13
3221	13
3222	13
3223	13
3224	13
3225	13
3226	13
3227	13
3228	13
3229	13
3230	13
3231	13
3232	13
3233	13
3234	13
3235	12
3236	12
3237	12
3238	12
3239	12
3240	12
3241	12
3242	12
3243	12
3244	12
3245	12
3246	12
3247	12
3248	12
3249	12
3250	11
3251	11
3252	11
3253	11
3254	11
3255	11
3256	11
3257	11
3258	11
3259	11
3260	11
3261	11
3262	11
3263	11
3264	11
3265	11
3266	11
3267	11
3268	11
3269	11
3270	11
3271	11
3272	11
3273	11
3274	11
3275	11
3276	11
3277	11
3278	11
3279	11
3280	10
3281	10
3282	10
3283	10
3284	10
3285	10
3286	10
3287	10
3288	10
3289	10
3290	10
3291	10
3292	10
3293	10
3294	10
3295	10
3296	10
3297	10
3298	10
3299	10
3300	10
3301	10
3302	10
3303	10
3304	10
3305	10
3306	10
3307	10
3308	10
3309	10
3310	10
3311	10
3312	10
3313	10
3314	10
3315	10
3316	10
3317	10
3318	10
3319	10
3320	10
3321	10
3322	10
3323	10
3324	10
3325	10
3326	10
3327	10
3328	10
3329	10
3330	10
3331	10
3332	9.5
3333	9
3334	9
3335	9
3336	9
3337	9
3338	9
3339	9
3340	9
3341	9
3342	9
3343	9
3344	9
3345	9
3346	9
3347	9
3348	9
3349	9
3350	9
3351	9
3352	9
3353	9
3354	9
3355	9
3356	9
3357	9
3358	9
3359	9
3360	9
3361	9
3362	9
3363	9
3364	9
3365	9
3366	9
3367	9
3368	9
3369	9
3370	9
3371	9
3372	9
3373	9
3374	9
3375	9
3376	9
3377	9
3378	9
3379	9
3380	9
3381	9
3382	9
3383	9
3384	9
3385	9
3386	9
3387	9
3388	9
3389	9
3390	9
3391	9
3392	9
3393	9
3394	9
3395	9
3396	9
3397	9
3398	9
3399	9
3400	9
3401	9
3402	9
3403	9
3404	9
3405	9
3406	9
3407	9
3408	9
3409	8
3410	8
3411	8
3412	8
3413	8
3414	8
3415	8
3416	8
3417	8
3418	8
3419	8
3420	8
3421	8
3422	8
3423	8
3424	8
3425	8
3426	8
3427	8
3428	8
3429	8
3430	8
3431	8
3432	8
3433	8
3434	8
3435	8
3436	8
3437	8
3438	8
3439	8
3440	8
3441	8
3442	8
3443	8
3444	8
3445	8
3446	8
3447	8
3448	8
3449	8
3450	8
3451	8
3452	8
3453	8
3454	8
3455	8
3456	8
3457	8
3458	8
3459	8
3460	8
3461	8
3462	8
3463	8
3464	8
3465	8
3466	8
3467	8
3468	8
3469	8
3470	8
3471	8
3472	8
3473	8
3474	8
3475	8
3476	8
3477	8
3478	8
3479	8
3480	8
3481	8
3482	8
3483	8
3484	8
3485	8
3486	8
3487	8
3488	8
3489	8
3490	8
3491	8
3492	8
3493	8
3494	8
3495	8
3496	8
3497	8
3498	8
3499	8
3500	8
3501	8
3502	8
3503	8
3504	8
3505	8
3506	8
3507	8
3508	8
3509	8
3510	8
3511	8
3512	8
3513	8
3514	8
3515	8
3516	8
3517	8
3518	8
3519	8
3520	8
3521	8
3522	8
3523	8
3524	8
3525	8
3526	8
3527	8
3528	8
3529	8
3530	8
3531	8
3532	8
3533	8
3534	8
3535	8
3536	8
3537	8
3538	8
3539	8
3540	8
3541	7
3542	7
3543	7
3544	7
3545	7
3546	7
3547	7
3548	7
3549	7
3550	7
3551	7
3552	7
3553	7
3554	7
3555	7
3556	7
3557	7
3558	7
3559	7
3560	7
3561	7
3562	7
3563	7
3564	7
3565	7
3566	7
3567	7
3568	7
3569	7
3570	7
3571	7
3572	7
3573	7
3574	7
3575	7
3576	7
3577	7
3578	7
3579	7
3580	7
3581	7
3582	7
3583	7
3584	7
3585	7
3586	7
3587	7
3588	7
3589	7
3590	7
3591	7
3592	7
3593	7
3594	7
3595	7
3596	7
3597	7
3598	7
3599	7
3600	7
3601	7
3602	7
3603	7
3604	7
3605	7
3606	7
3607	7
3608	7
3609	7
3610	7
3611	7
3612	7
3613	7
3614	7
3615	7
3616	7
3617	7
3618	7
3619	7
3620	7
3621	7
3622	7
3623	7
3624	7
3625	7
3626	7
3627	7
3628	7
3629	7
3630	7
3631	7
3632	7
3633	7
3634	7
3635	7
3636	7
3637	7
3638	7
3639	7
3640	7
3641	7
3642	7
3643	7
3644	7
3645	7
3646	7
3647	7
3648	7
3649	7
3650	7
3651	7
3652	7
3653	7
3654	7
3655	7
3656	7
3657	7
3658	7
3659	7
3660	7
3661	7
3662	7
3663	7
3664	7
3665	7
3666	7
3667	7
3668	7
3669	7
3670	7
3671	7
3672	7
3673	7
3674	7
3675	7
3676	7
3677	7
3678	7
3679	7
3680	7
3681	7
3682	7
3683	7
3684	7
3685	7
3686	7
3687	7
3688	7
3689	7
3690	7
3691	7
3692	7
3693	7
3694	7
3695	7
3696	7
3697	7
3698	7
3699	7
3700	7
3701	7
3702	7
3703	7
3704	7
3705	7
3706	7
3707	7
3708	7
3709	7
3710	7
3711	7
3712	7
3713	7
3714	7
3715	7
3716	7
3717	7
3718	7
3719	7
3720	7
3721	7
3722	7
3723	7
3724	7
3725	7
3726	7
3727	7
3728	7
3729	7
3730	7
3731	7
3732	7
3733	7
3734	7
3735	7
3736	7
3737	7
3738	6
3739	6
3740	6
3741	6
3742	6
3743	6
3744	6
3745	6
3746	6
3747	6
3748	6
3749	6
3750	6
3751	6
3752	6
3753	6
3754	6
3755	6
3756	6
3757	6
3758	6
3759	6
3760	6
3761	6
3762	6
3763	6
3764	6
3765	6
3766	6
3767	6
3768	6
3769	6
3770	6
3771	6
3772	6
3773	6
3774	6
3775	6
3776	6
3777	6
3778	6
3779	6
3780	6
3781	6
3782	6
3783	6
3784	6
3785	6
3786	6
3787	6
3788	6
3789	6
3790	6
3791	6
3792	6
3793	6
3794	6
3795	6
3796	6
3797	6
3798	6
3799	6
3800	6
3801	6
3802	6
3803	6
3804	6
3805	6
3806	6
3807	6
3808	6
3809	6
3810	6
3811	6
3812	6
3813	6
3814	6
3815	6
3816	6
3817	6
3818	6
3819	6
3820	6
3821	6
3822	6
3823	6
3824	6
3825	6
3826	6
3827	6
3828	6
3829	6
3830	6
3831	6
3832	6
3833	6
3834	6
3835	6
3836	6
3837	6
3838	6
3839	6
3840	6
3841	6
3842	6
3843	6
3844	6
3845	6
3846	6
3847	6
3848	6
3849	6
3850	6
3851	6
3852	6
3853	6
3854	6
3855	6
3856	6
3857	6
3858	6
3859	6
3860	6
3861	6
3862	6
3863	6
3864	6
3865	6
3866	6
3867	6
3868	6
3869	6
3870	6
3871	6
3872	6
3873	6
3874	6
3875	6
3876	6
3877	6
3878	6
3879	6
3880	6
3881	6
3882	6
3883	6
3884	6
3885	6
3886	6
3887	6
3888	6
3889	6
3890	6
3891	6
3892	6
3893	6
3894	6
3895	6
3896	6
3897	6
3898	6
3899	6
3900	6
3901	6
3902	6
3903	6
3904	6
3905	6
3906	6
3907	6
3908	6
3909	6
3910	6
3911	6
3912	6
3913	6
3914	6
3915	6
3916	6
3917	6
3918	6
3919	6
3920	6
3921	6
3922	6
3923	6
3924	6
3925	6
3926	6
3927	6
3928	6
3929	6
3930	6
3931	6
3932	6
3933	6
3934	6
3935	6
3936	6
3937	6
3938	6
3939	6
3940	6
3941	6
3942	6
3943	6
3944	6
3945	6
3946	6
3947	6
3948	6
3949	6
3950	6
3951	6
3952	6
3953	6
3954	6
3955	6
3956	6
3957	6
3958	6
3959	6
3960	6
3961	6
3962	6
3963	6
3964	6
3965	6
3966	6
3967	6
3968	6
3969	6
3970	6
3971	6
3972	6
3973	6
3974	6
3975	6
3976	6
3977	6
3978	6
3979	6
3980	6
3981	6
3982	6
3983	6
3984	6
3985	6
3986	6
3987	6
3988	6
3989	6
3990	6
3991	6
3992	6
3993	6
3994	6
3995	6
3996	6
3997	6
3998	6
3999	6
4000	6
4001	6
4002	6
4003	6
4004	6
4005	6
4006	6
4007	6
4008	6
4009	6
4010	6
4011	6
4012	6
4013	6
4014	6
4015	6
4016	6
4017	6
4018	6
4019	6
4020	6
4021	6
4022	6
4023	6
4024	6
4025	6
4026	6
4027	6
4028	6
4029	6
4030	6
4031	6
4032	6
4033	6
4034	6
4035	6
4036	6
4037	6
4038	6
4039	6
4040	6
4041	6
4042	6
4043	6
4044	6
4045	6
4046	5.5
4047	5.5
4048	5.5
4049	5.5
4050	5.5
4051	5.5
4052	5.5
4053	5.5
4054	5
4055	5
4056	5
4057	5
4058	5
4059	5
4060	5
4061	5
4062	5
4063	5
4064	5
4065	5
4066	5
4067	5
4068	5
4069	5
4070	5
4071	5
4072	5
4073	5
4074	5
4075	5
4076	5
4077	5
4078	5
4079	5
4080	5
4081	5
4082	5
4083	5
4084	5
4085	5
4086	5
4087	5
4088	5
4089	5
4090	5
4091	5
4092	5
4093	5
4094	5
4095	5
4096	5
4097	5
4098	5
4099	5
4100	5
4101	5
4102	5
4103	5
4104	5
4105	5
4106	5
4107	5
4108	5
4109	5
4110	5
4111	5
4112	5
4113	5
4114	5
4115	5
4116	5
4117	5
4118	5
4119	5
4120	5
4121	5
4122	5
4123	5
4124	5
4125	5
4126	5
4127	5
4128	5
4129	5
4130	5
4131	5
4132	5
4133	5
4134	5
4135	5
4136	5
4137	5
4138	5
4139	5
4140	5
4141	5
4142	5
4143	5
4144	5
4145	5
4146	5
4147	5
4148	5
4149	5
4150	5
4151	5
4152	5
4153	5
4154	5
4155	5
4156	5
4157	5
4158	5
4159	5
4160	5
4161	5
4162	5
4163	5
4164	5
4165	5
4166	5
4167	5
4168	5
4169	5
4170	5
4171	5
4172	5
4173	5
4174	5
4175	5
4176	5
4177	5
4178	5
4179	5
4180	5
4181	5
4182	5
4183	5
4184	5
4185	5
4186	5
4187	5
4188	5
4189	5
4190	5
4191	5
4192	5
4193	5
4194	5
4195	5
4196	5
4197	5
4198	5
4199	5
4200	5
4201	5
4202	5
4203	5
4204	5
4205	5
4206	5
4207	5
4208	5
4209	5
4210	5
4211	5
4212	5
4213	5
4214	5
4215	5
4216	5
4217	5
4218	5
4219	5
4220	5
4221	5
4222	5
4223	5
4224	5
4225	5
4226	5
4227	5
4228	5
4229	5
4230	5
4231	5
4232	5
4233	5
4234	5
4235	5
4236	5
4237	5
4238	5
4239	5
4240	5
4241	5
4242	5
4243	5
4244	5
4245	5
4246	5
4247	5
4248	5
4249	5
4250	5
4251	5
4252	5
4253	5
4254	5
4255	5
4256	5
4257	5
4258	5
4259	5
4260	5
4261	5
4262	5
4263	5
4264	5
4265	5
4266	5
4267	5
4268	5
4269	5
4270	5
4271	5
4272	5
4273	5
4274	5
4275	5
4276	5
4277	5
4278	5
4279	5
4280	5
4281	5
4282	5
4283	5
4284	5
4285	5
4286	5
4287	5
4288	5
4289	5
4290	5
4291	5
4292	5
4293	5
4294	5
4295	5
4296	5
4297	5
4298	5
4299	5
4300	5
4301	5
4302	5
4303	5
4304	5
4305	5
4306	5
4307	5
4308	5
4309	5
4310	5
4311	5
4312	5
4313	5
4314	5
4315	5
4316	5
4317	5
4318	5
4319	5
4320	5
4321	5
4322	5
4323	5
4324	5
4325	5
4326	5
4327	5
4328	5
4329	5
4330	5
4331	5
4332	5
4333	5
4334	5
4335	5
4336	5
4337	5
4338	5
4339	5
4340	5
4341	5
4342	5
4343	5
4344	5
4345	5
4346	5
4347	5
4348	5
4349	5
4350	5
4351	5
4352	5
4353	5
4354	5
4355	5
4356	5
4357	5
4358	5
4359	5
4360	5
4361	5
4362	5
4363	5
4364	5
4365	5
4366	5
4367	5
4368	5
4369	5
4370	5
4371	5
4372	5
4373	5
4374	5
4375	5
4376	5
4377	5
4378	5
4379	5
4380	5
4381	5
4382	5
4383	5
4384	5
4385	5
4386	5
4387	5
4388	5
4389	5
4390	5
4391	5
4392	5
4393	5
4394	5
4395	5
4396	5
4397	5
4398	5
4399	5
4400	5
4401	5
4402	5
4403	5
4404	5
4405	5
4406	5
4407	5
4408	5
4409	5
4410	5
4411	5
4412	5
4413	5
4414	5
4415	5
4416	5
4417	5
4418	5
4419	5
4420	5
4421	5
4422	5
4423	5
4424	5
4425	5
4426	5
4427	5
4428	5
4429	5
4430	5
4431	5
4432	5
4433	5
4434	5
4435	5
4436	5
4437	5
4438	5
4439	5
4440	5
4441	5
4442	5
4443	5
4444	5
4445	5
4446	5
4447	5
4448	5
4449	5
4450	5
4451	5
4452	5
4453	5
4454	5
4455	5
4456	5
4457	5
4458	5
4459	5
4460	5
4461	5
4462	5
4463	5
4464	5
4465	5
4466	5
4467	5
4468	5
4469	5
4470	5
4471	5
4472	5
4473	5
4474	5
4475	5
4476	5
4477	5
4478	5
4479	5
4480	5
4481	5
4482	5
4483	5
4484	5
4485	5
4486	5
4487	5
4488	5
4489	5
4490	5
4491	5
4492	5
4493	5
4494	5
4495	5
4496	5
4497	5
4498	5
4499	5
4500	5
4501	5
4502	5
4503	5
4504	5
4505	5
4506	5
4507	5
4508	4.5
4509	4.5
4510	4.5
4511	4.5
4512	4.5
4513	4.5
4514	4.5
4515	4.5
4516	4.5
4517	4.5
4518	4.5
4519	4.5
4520	4.5
4521	4.5
4522	4
4523	4
4524	4
4525	4
4526	4
4527	4
4528	4
4529	4
4530	4
4531	4
4532	4
4533	4
4534	4
4535	4
4536	4
4537	4
4538	4
4539	4
4540	4
4541	4
4542	4
4543	4
4544	4
4545	4
4546	4
4547	4
4548	4
4549	4
4550	4
4551	4
4552	4
4553	4
4554	4
4555	4
4556	4
4557	4
4558	4
4559	4
4560	4
4561	4
4562	4
4563	4
4564	4
4565	4
4566	4
4567	4
4568	4
4569	4
4570	4
4571	4
4572	4
4573	4
4574	4
4575	4
4576	4
4577	4
4578	4
4579	4
4580	4
4581	4
4582	4
4583	4
4584	4
4585	4
4586	4
4587	4
4588	4
4589	4
4590	4
4591	4
4592	4
4593	4
4594	4
4595	4
4596	4
4597	4
4598	4
4599	4
4600	4
4601	4
4602	4
4603	4
4604	4
4605	4
4606	4
4607	4
4608	4
4609	4
4610	4
4611	4
4612	4
4613	4
4614	4
4615	4
4616	4
4617	4
4618	4
4619	4
4620	4
4621	4
4622	4
4623	4
4624	4
4625	4
4626	4
4627	4
4628	4
4629	4
4630	4
4631	4
4632	4
4633	4
4634	4
4635	4
4636	4
4637	4
4638	4
4639	4
4640	4
4641	4
4642	4
4643	4
4644	4
4645	4
4646	4
4647	4
4648	4
4649	4
4650	4
4651	4
4652	4
4653	4
4654	4
4655	4
4656	4
4657	4
4658	4
4659	4
4660	4
4661	4
4662	4
4663	4
4664	4
4665	4
4666	4
4667	4
4668	4
4669	4
4670	4
4671	4
4672	4
4673	4
4674	4
4675	4
4676	4
4677	4
4678	4
4679	4
4680	4
4681	4
4682	4
4683	4
4684	4
4685	4
4686	4
4687	4
4688	4
4689	4
4690	4
4691	4
4692	4
4693	4
4694	4
4695	4
4696	4
4697	4
4698	4
4699	4
4700	4
4701	4
4702	4
4703	4
4704	4
4705	4
4706	4
4707	4
4708	4
4709	4
4710	4
4711	4
4712	4
4713	4
4714	4
4715	4
4716	4
4717	4
4718	4
4719	4
4720	4
4721	4
4722	4
4723	4
4724	4
4725	4
4726	4
4727	4
4728	4
4729	4
4730	4
4731	4
4732	4
4733	4
4734	4
4735	4
4736	4
4737	4
4738	4
4739	4
4740	4
4741	4
4742	4
4743	4
4744	4
4745	4
4746	4
4747	4
4748	4
4749	4
4750	4
4751	4
4752	4
4753	4
4754	4
4755	4
4756	4
4757	4
4758	4
4759	4
4760	4
4761	4
4762	4
4763	4
4764	4
4765	4
4766	4
4767	4
4768	4
4769	4
4770	4
4771	4
4772	4
4773	4
4774	4
4775	4
4776	4
4777	4
4778	4
4779	4
4780	4
4781	4
4782	4
4783	4
4784	4
4785	4
4786	4
4787	4
4788	4
4789	4
4790	4
4791	4
4792	4
4793	4
4794	4
4795	4
4796	4
4797	4
4798	4
4799	4
4800	4
4801	4
4802	4
4803	4
4804	4
4805	4
4806	4
4807	4
4808	4
4809	4
4810	4
4811	4
4812	4
4813	4
4814	4
4815	4
4816	4
4817	4
4818	4
4819	4
4820	4
4821	4
4822	4
4823	4
4824	4
4825	4
4826	4
4827	4
4828	4
4829	4
4830	4
4831	4
4832	4
4833	4
4834	4
4835	4
4836	4
4837	4
4838	4
4839	4
4840	4
4841	4
4842	4
4843	4
4844	4
4845	4
4846	4
4847	4
4848	4
4849	4
4850	4
4851	4
4852	4
4853	4
4854	4
4855	4
4856	4
4857	4
4858	4
4859	4
4860	4
4861	4
4862	4
4863	4
4864	4
4865	4
4866	4
4867	4
4868	4
4869	4
4870	4
4871	4
4872	4
4873	4
4874	4
4875	4
4876	4
4877	4
4878	4
4879	4
4880	4
4881	4
4882	4
4883	4
4884	4
4885	4
4886	4
4887	4
4888	4
4889	4
4890	4
4891	4
4892	4
4893	4
4894	4
4895	4
4896	4
4897	4
4898	4
4899	4
4900	4
4901	4
4902	4
4903	4
4904	4
4905	4
4906	4
4907	4
4908	4
4909	4
4910	4
4911	4
4912	4
4913	4
4914	4
4915	4
4916	4
4917	4
4918	4
4919	4
4920	4
4921	4
4922	4
4923	4
4924	4
4925	4
4926	4
4927	4
4928	4
4929	4
4930	4
4931	4
4932	4
4933	4
4934	4
4935	4
4936	4
4937	4
4938	4
4939	4
4940	4
4941	4
4942	4
4943	4
4944	4
4945	4
4946	4
4947	4
4948	4
4949	4
4950	4
4951	4
4952	4
4953	4
4954	4
4955	4
4956	4
4957	4
4958	4
4959	4
4960	4
4961	4
4962	4
4963	4
4964	4
4965	4
4966	4
4967	4
4968	4
4969	4
4970	4
4971	4
4972	4
4973	4
4974	4
4975	4
4976	4
4977	4
4978	4
4979	4
4980	4
4981	4
4982	4
4983	4
4984	4
4985	4
4986	4
4987	4
4988	4
4989	4
4990	4
4991	4
4992	4
4993	4
4994	4
4995	4
4996	4
4997	4
4998	4
4999	4
5000	4
5001	4
5002	4
5003	4
5004	4
5005	4
5006	4
5007	4
5008	4
5009	4
5010	4
5011	4
5012	4
5013	4
5014	4
5015	4
5016	4
5017	4
5018	4
5019	4
5020	4
5021	4
5022	4
5023	4
5024	4
5025	4
5026	4
5027	4
5028	4
5029	4
5030	4
5031	4
5032	4
5033	4
5034	4
5035	4
5036	4
5037	4
5038	4
5039	4
5040	4
5041	4
5042	4
5043	4
5044	4
5045	4
5046	4
5047	4
5048	4
5049	4
5050	4
5051	4
5052	4
5053	4
5054	4
5055	4
5056	4
5057	4
5058	4
5059	4
5060	4
5061	4
5062	4
5063	4
5064	4
5065	4
5066	4
5067	4
5068	4
5069	4
5070	4
5071	4
5072	4
5073	4
5074	4
5075	4
5076	4
5077	4
5078	4
5079	4
5080	4
5081	4
5082	4
5083	4
5084	4
5085	4
5086	4
5087	4
5088	4
5089	4
5090	4
5091	4
5092	4
5093	4
5094	4
5095	4
5096	4
5097	4
5098	4
5099	4
5100	4
5101	4
5102	4
5103	4
5104	4
5105	4
5106	4
5107	4
5108	4
5109	4
5110	4
5111	4
5112	4
5113	4
5114	4
5115	4
5116	4
5117	4
5118	4
5119	4
5120	4
5121	4
5122	4
5123	4
5124	4
5125	4
5126	4
5127	4
5128	4
5129	4
5130	4
5131	4
5132	4
5133	4
5134	4
5135	4
5136	4
5137	4
5138	4
5139	4
5140	4
5141	4
5142	4
5143	4
5144	4
5145	4
5146	4
5147	4
5148	4
5149	4
5150	4
5151	4
5152	4
5153	4
5154	4
5155	4
5156	4
5157	4
5158	4
5159	4
5160	4
5161	4
5162	4
5163	4
5164	4
5165	4
5166	4
5167	4
5168	4
5169	4
5170	4
5171	4
5172	4
5173	4
5174	4
5175	4
5176	4
5177	4
5178	4
5179	4
5180	4
5181	4
5182	4
5183	4
5184	4
5185	4
5186	4
5187	4
5188	4
5189	4
5190	4
5191	4
5192	4
5193	4
5194	4
5195	4
5196	4
5197	4
5198	4
5199	4
5200	4
5201	4
5202	4
5203	4
5204	4
5205	4
5206	4
5207	4
5208	4
5209	4
5210	4
5211	4
5212	4
5213	4
5214	4
5215	4
5216	4
5217	4
5218	4
5219	4
5220	4
5221	4
5222	4
5223	4
5224	4
5225	4
5226	4
5227	4
5228	4
5229	4
5230	4
5231	4
5232	4
5233	4
5234	4
5235	4
5236	4
5237	4
5238	4
5239	4
5240	4
5241	4
5242	4
5243	4
5244	4
5245	4
5246	4
5247	4
5248	4
5249	4
5250	4
5251	4
5252	4
5253	4
5254	4
5255	4
5256	4
5257	4
5258	4
5259	4
5260	4
5261	4
5262	4
5263	4
5264	4
5265	4
5266	4
5267	4
5268	4
5269	4
5270	4
5271	4
5272	4
5273	4
5274	4
5275	4
5276	3.75
5277	3.66667
5278	3.66667
5279	3.5
5280	3.5
5281	3.5
5282	3.5
5283	3.5
5284	3.5
5285	3.5
5286	3.5
5287	3.5
5288	3.5
5289	3.5
5290	3.5
5291	3.5
5292	3.5
5293	3.5
5294	3.5
5295	3.5
5296	3.5
5297	3.5
5298	3.5
5299	3.5
5300	3.5
5301	3.5
5302	3.5
5303	3.5
5304	3.5
5305	3.5
5306	3.5
5307	3.5
5308	3.5
5309	3.33333
5310	3.33333
5311	3
5312	3
5313	3
5314	3
5315	3
5316	3
5317	3
5318	3
5319	3
5320	3
5321	3
5322	3
5323	3
5324	3
5325	3
5326	3
5327	3
5328	3
5329	3
5330	3
5331	3
5332	3
5333	3
5334	3
5335	3
5336	3
5337	3
5338	3
5339	3
5340	3
5341	3
5342	3
5343	3
5344	3
5345	3
5346	3
5347	3
5348	3
5349	3
5350	3
5351	3
5352	3
5353	3
5354	3
5355	3
5356	3
5357	3
5358	3
5359	3
5360	3
5361	3
5362	3
5363	3
5364	3
5365	3
5366	3
5367	3
5368	3
5369	3
5370	3
5371	3
5372	3
5373	3
5374	3
5375	3
5376	3
5377	3
5378	3
5379	3
5380	3
5381	3
5382	3
5383	3
5384	3
5385	3
5386	3
5387	3
5388	3
5389	3
5390	3
5391	3
5392	3
5393	3
5394	3
5395	3
5396	3
5397	3
5398	3
5399	3
5400	3
5401	3
5402	3
5403	3
5404	3
5405	3
5406	3
5407	3
5408	3
5409	3
5410	3
5411	3
5412	3
5413	3
5414	3
5415	3
5416	3
5417	3
5418	3
5419	3
5420	3
5421	3
5422	3
5423	3
5424	3
5425	3
5426	3
5427	3
5428	3
5429	3
5430	3
5431	3
5432	3
5433	3
5434	3
5435	3
5436	3
5437	3
5438	3
5439	3
5440	3
5441	3
5442	3
5443	3
5444	3
5445	3
5446	3
5447	3
5448	3
5449	3
5450	3
5451	3
5452	3
5453	3
5454	3
5455	3
5456	3
5457	3
5458	3
5459	3
5460	3
5461	3
5462	3
5463	3
5464	3
5465	3
5466	3
5467	3
5468	3
5469	3
5470	3
5471	3
5472	3
5473	3
5474	3
5475	3
5476	3
5477	3
5478	3
5479	3
5480	3
5481	3
5482	3
5483	3
5484	3
5485	3
5486	3
5487	3
5488	3
5489	3
5490	3
5491	3
5492	3
5493	3
5494	3
5495	3
5496	3
5497	3
5498	3
5499	3
5500	3
5501	3
5502	3
5503	3
5504	3
5505	3
5506	3
5507	3
5508	3
5509	3
5510	3
5511	3
5512	3
5513	3
5514	3
5515	3
5516	3
5517	3
5518	3
5519	3
5520	3
5521	3
5522	3
5523	3
5524	3
5525	3
5526	3
5527	3
5528	3
5529	3
5530	3
5531	3
5532	3
5533	3
5534	3
5535	3
5536	3
5537	3
5538	3
5539	3
5540	3
5541	3
5542	3
5543	3
5544	3
5545	3
5546	3
5547	3
5548	3
5549	3
5550	3
5551	3
5552	3
5553	3
5554	3
5555	3
5556	3
5557	3
5558	3
5559	3
5560	3
5561	3
5562	3
5563	3
5564	3
5565	3
5566	3
5567	3
5568	3
5569	3
5570	3
5571	3
5572	3
5573	3
5574	3
5575	3
5576	3
5577	3
5578	3
5579	3
5580	3
5581	3
5582	3
5583	3
5584	3
5585	3
5586	3
5587	3
5588	3
5589	3
5590	3
5591	3
5592	3
5593	3
5594	3
5595	3
5596	3
5597	3
5598	3
5599	3
5600	3
5601	3
5602	3
5603	3
5604	3
5605	3
5606	3
5607	3
5608	3
5609	3
5610	3
5611	3
5612	3
5613	3
5614	3
5615	3
5616	3
5617	3
5618	3
5619	3
5620	3
5621	3
5622	3
5623	3
5624	3
5625	3
5626	3
5627	3
5628	3
5629	3
5630	3
5631	3
5632	3
5633	3
5634	3
5635	3
5636	3
5637	3
5638	3
5639	3
5640	3
5641	3
5642	3
5643	3
5644	3
5645	3
5646	3
5647	3
5648	3
5649	3
5650	3
5651	3
5652	3
5653	3
5654	3
5655	3
5656	3
5657	3
5658	3
5659	3
5660	3
5661	3
5662	3
5663	3
5664	3
5665	3
5666	3
5667	3
5668	3
5669	3
5670	3
5671	3
5672	3
5673	3
5674	3
5675	3
5676	3
5677	3
5678	3
5679	3
5680	3
5681	3
5682	3
5683	3
5684	3
5685	3
5686	3
5687	3
5688	3
5689	3
5690	3
5691	3
5692	3
5693	3
5694	3
5695	3
5696	3
5697	3
5698	3
5699	3
5700	3
5701	3
5702	3
5703	3
5704	3
5705	3
5706	3
5707	3
5708	3
5709	3
5710	3
5711	3
5712	3
5713	3
5714	3
5715	3
5716	3
5717	3
5718	3
5719	3
5720	3
5721	3
5722	3
5723	3
5724	3
5725	3
5726	3
5727	3
5728	3
5729	3
5730	3
5731	3
5732	3
5733	3
5734	3
5735	3
5736	3
5737	3
5738	3
5739	3
5740	3
5741	3
5742	3
5743	3
5744	3
5745	3
5746	3
5747	3
5748	3
5749	3
5750	3
5751	3
5752	3
5753	3
5754	3
5755	3
5756	3
5757	3
5758	3
5759	3
5760	3
5761	3
5762	3
5763	3
5764	3
5765	3
5766	3
5767	3
5768	3
5769	3
5770	3
5771	3
5772	3
5773	3
5774	3
5775	3
5776	3
5777	3
5778	3
5779	3
5780	3
5781	3
5782	3
5783	3
5784	3
5785	3
5786	3
5787	3
5788	3
5789	3
5790	3
5791	3
5792	3
5793	3
5794	3
5795	3
5796	3
5797	3
5798	3
5799	3
5800	3
5801	3
5802	3
5803	3
5804	3
5805	3
5806	3
5807	3
5808	3
5809	3
5810	3
5811	3
5812	3
5813	3
5814	3
5815	3
5816	3
5817	3
5818	3
5819	3
5820	3
5821	3
5822	3
5823	3
5824	3
5825	3
5826	3
5827	3
5828	3
5829	3
5830	3
5831	3
5832	3
5833	3
5834	3
5835	3
5836	3
5837	3
5838	3
5839	3
5840	3
5841	3
5842	3
5843	3
5844	3
5845	3
5846	3
5847	3
5848	3
5849	3
5850	3
5851	3
5852	3
5853	3
5854	3
5855	3
5856	3
5857	3
5858	3
5859	3
5860	3
5861	3
5862	3
5863	3
5864	3
5865	3
5866	3
5867	3
5868	3
5869	3
5870	3
5871	3
5872	3
5873	3
5874	3
5875	3
5876	3
5877	3
5878	3
5879	3
5880	3
5881	3
5882	3
5883	3
5884	3
5885	3
5886	3
5887	3
5888	3
5889	3
5890	3
5891	3
5892	3
5893	3
5894	3
5895	3
5896	3
5897	3
5898	3
5899	3
5900	3
5901	3
5902	3
5903	3
5904	3
5905	3
5906	3
5907	3
5908	3
5909	3
5910	3
5911	3
5912	3
5913	3
5914	3
5915	3
5916	3
5917	3
5918	3
5919	3
5920	3
5921	3
5922	3
5923	3
5924	3
5925	3
5926	3
5927	3
5928	3
5929	3
5930	3
5931	3
5932	3
5933	3
5934	3
5935	3
5936	3
5937	3
5938	3
5939	3
5940	3
5941	3
5942	3
5943	3
5944	3
5945	3
5946	3
5947	3
5948	3
5949	3
5950	3
5951	3
5952	3
5953	3
5954	3
5955	3
5956	3
5957	3
5958	3
5959	3
5960	3
5961	3
5962	3
5963	3
5964	3
5965	3
5966	3
5967	3
5968	3
5969	3
5970	3
5971	3
5972	3
5973	3
5974	3
5975	3
5976	3
5977	3
5978	3
5979	3
5980	3
5981	3
5982	3
5983	3
5984	3
5985	3
5986	3
5987	3
5988	3
5989	3
5990	3
5991	3
5992	3
5993	3
5994	3
5995	3
5996	3
5997	3
5998	3
5999	3
6000	3
6001	3
6002	3
6003	3
6004	3
6005	3
6006	3
6007	3
6008	3
6009	3
6010	3
6011	3
6012	3
6013	3
6014	3
6015	3
6016	3
6017	3
6018	3
6019	3
6020	3
6021	3
6022	3
6023	3
6024	3
6025	3
6026	3
6027	3
6028	3
6029	3
6030	3
6031	3
6032	3
6033	3
6034	3
6035	3
6036	3
6037	3
6038	3
6039	3
6040	3
6041	3
6042	3
6043	3
6044	3
6045	3
6046	3
6047	3
6048	3
6049	3
6050	3
6051	3
6052	3
6053	3
6054	3
6055	3
6056	3
6057	3
6058	3
6059	3
6060	3
6061	3
6062	3
6063	3
6064	3
6065	3
6066	3
6067	3
6068	3
6069	3
6070	3
6071	3
6072	3
6073	3
6074	3
6075	3
6076	3
6077	3
6078	3
6079	3
6080	3
6081	3
6082	3
6083	3
6084	3
6085	3
6086	3
6087	3
6088	3
6089	3
6090	3
6091	3
6092	3
6093	3
6094	3
6095	3
6096	3
6097	3
6098	3
6099	3
6100	3
6101	3
6102	3
6103	3
6104	3
6105	3
6106	3
6107	3
6108	3
6109	3
6110	3
6111	3
6112	3
6113	3
6114	3
6115	3
6116	3
6117	3
6118	3
6119	3
6120	3
6121	3
6122	3
6123	3
6124	3
6125	3
6126	3
6127	3
6128	3
6129	3
6130	3
6131	3
6132	3
6133	3
6134	3
6135	3
6136	3
6137	3
6138	3
6139	3
6140	3
6141	3
6142	3
6143	3
6144	3
6145	3
6146	3
6147	3
6148	3
6149	3
6150	3
6151	3
6152	3
6153	3
6154	3
6155	3
6156	3
6157	3
6158	3
6159	3
6160	3
6161	3
6162	3
6163	3
6164	3
6165	3
6166	3
6167	3
6168	3
6169	3
6170	3
6171	3
6172	3
6173	3
6174	3
6175	3
6176	3
6177	3
6178	3
6179	3
6180	3
6181	3
6182	3
6183	3
6184	3
6185	3
6186	3
6187	3
6188	3
6189	3
6190	3
6191	3
6192	3
6193	3
6194	3
6195	3
6196	3
6197	3
6198	3
6199	3
6200	3
6201	3
6202	3
6203	3
6204	3
6205	3
6206	3
6207	3
6208	3
6209	3
6210	3
6211	3
6212	3
6213	3
6214	3
6215	3
6216	3
6217	3
6218	3
6219	3
6220	3
6221	3
6222	3
6223	3
6224	3
6225	3
6226	3
6227	3
6228	3
6229	3
6230	3
6231	3
6232	3
6233	3
6234	3
6235	3
6236	3
6237	3
6238	3
6239	3
6240	3
6241	3
6242	3
6243	3
6244	3
6245	3
6246	3
6247	3
6248	3
6249	3
6250	3
6251	3
6252	3
6253	3
6254	3
6255	3
6256	3
6257	3
6258	3
6259	3
6260	3
6261	3
6262	3
6263	3
6264	3
6265	3
6266	3
6267	3
6268	3
6269	3
6270	3
6271	3
6272	3
6273	3
6274	3
6275	3
6276	3
6277	3
6278	3
6279	3
6280	3
6281	3
6282	3
6283	3
6284	3
6285	3
6286	3
6287	3
6288	2.66667
6289	2.66667
6290	2.66667
6291	2.66667
6292	2.66667
6293	2.66667
6294	2.66667
6295	2.66667
6296	2.66667
6297	2.66667
6298	2.5
6299	2.5
6300	2.5
6301	2.5
6302	2.5
6303	2.5
6304	2.5
6305	2.5
6306	2.5
6307	2.5
6308	2.5
6309	2.5
6310	2.5
6311	2.5
6312	2.5
6313	2.5
6314	2.5
6315	2.5
6316	2.5
6317	2.5
6318	2.5
6319	2.5
6320	2.5
6321	2.5
6322	2.5
6323	2.5
6324	2.5
6325	2.5
6326	2.5
6327	2.5
6328	2.5
6329	2.5
6330	2.5
6331	2.5
6332	2.5
6333	2.5
6334	2.5
6335	2.5
6336	2.5
6337	2.5
6338	2.5
6339	2.5
6340	2.5
6341	2.5
6342	2.5
6343	2.5
6344	2.5
6345	2.5
6346	2.5
6347	2.5
6348	2.5
6349	2.5
6350	2.5
6351	2.5
6352	2.5
6353	2.5
6354	2.5
6355	2.5
6356	2.5
6357	2.5
6358	2.5
6359	2.5
6360	2.5
6361	2.5
6362	2.5
6363	2.5
6364	2.5
6365	2.5
6366	2.5
6367	2.5
6368	2.5
6369	2.5
6370	2.5
6371	2.5
6372	2.5
6373	2.5
6374	2.5
6375	2.5
6376	2.5
6377	2.5
6378	2.33333
6379	2.33333
6380	2.33333
6381	2.33333
6382	2.25
6383	2.25
6384	2.25
6385	2.25
6386	2.25
6387	2.2
6388	2.2
6389	2
6390	2
6391	2
6392	2
6393	2
6394	2
6395	2
6396	2
6397	2
6398	2
6399	2
6400	2
6401	2
6402	2
6403	2
6404	2
6405	2
6406	2
6407	2
6408	2
6409	2
6410	2
6411	2
6412	2
6413	2
6414	2
6415	2
6416	2
6417	2
6418	2
6419	2
6420	2
6421	2
6422	2
6423	2
6424	2
6425	2
6426	2
6427	2
6428	2
6429	2
6430	2
6431	2
6432	2
6433	2
6434	2
6435	2
6436	2
6437	2
6438	2
6439	2
6440	2
6441	2
6442	2
6443	2
6444	2
6445	2
6446	2
6447	2
6448	2
6449	2
6450	2
6451	2
6452	2
6453	2
6454	2
6455	2
6456	2
6457	2
6458	2
6459	2
6460	2
6461	2
6462	2
6463	2
6464	2
6465	2
6466	2
6467	2
6468	2
6469	2
6470	2
6471	2
6472	2
6473	2
6474	2
6475	2
6476	2
6477	2
6478	2
6479	2
6480	2
6481	2
6482	2
6483	2
6484	2
6485	2
6486	2
6487	2
6488	2
6489	2
6490	2
6491	2
6492	2
6493	2
6494	2
6495	2
6496	2
6497	2
6498	2
6499	2
6500	2
6501	2
6502	2
6503	2
6504	2
6505	2
6506	2
6507	2
6508	2
6509	2
6510	2
6511	2
6512	2
6513	2
6514	2
6515	2
6516	2
6517	2
6518	2
6519	2
6520	2
6521	2
6522	2
6523	2
6524	2
6525	2
6526	2
6527	2
6528	2
6529	2
6530	2
6531	2
6532	2
6533	2
6534	2
6535	2
6536	2
6537	2
6538	2
6539	2
6540	2
6541	2
6542	2
6543	2
6544	2
6545	2
6546	2
6547	2
6548	2
6549	2
6550	2
6551	2
6552	2
6553	2
6554	2
6555	2
6556	2
6557	2
6558	2
6559	2
6560	2
6561	2
6562	2
6563	2
6564	2
6565	2
6566	2
6567	2
6568	2
6569	2
6570	2
6571	2
6572	2
6573	2
6574	2
6575	2
6576	2
6577	2
6578	2
6579	2
6580	2
6581	2
6582	2
6583	2
6584	2
6585	2
6586	2
6587	2
6588	2
6589	2
6590	2
6591	2
6592	2
6593	2
6594	2
6595	2
6596	2
6597	2
6598	2
6599	2
6600	2
6601	2
6602	2
6603	2
6604	2
6605	2
6606	2
6607	2
6608	2
6609	2
6610	2
6611	2
6612	2
6613	2
6614	2
6615	2
6616	2
6617	2
6618	2
6619	2
6620	2
6621	2
6622	2
6623	2
6624	2
6625	2
6626	2
6627	2
6628	2
6629	2
6630	2
6631	2
6632	2
6633	2
6634	2
6635	2
6636	2
6637	2
6638	2
6639	2
6640	2
6641	2
6642	2
6643	2
6644	2
6645	2
6646	2
6647	2
6648	2
6649	2
6650	2
6651	2
6652	2
6653	2
6654	2
6655	2
6656	2
6657	2
6658	2
6659	2
6660	2
6661	2
6662	2
6663	2
6664	2
6665	2
6666	2
6667	2
6668	2
6669	2
6670	2
6671	2
6672	2
6673	2
6674	2
6675	2
6676	2
6677	2
6678	2
6679	2
6680	2
6681	2
6682	2
6683	2
6684	2
6685	2
6686	2
6687	2
6688	2
6689	2
6690	2
6691	2
6692	2
6693	2
6694	2
6695	2
6696	2
6697	2
6698	2
6699	2
6700	2
6701	2
6702	2
6703	2
6704	2
6705	2
6706	2
6707	2
6708	2
6709	2
6710	2
6711	2
6712	2
6713	2
6714	2
6715	2
6716	2
6717	2
6718	2
6719	2
6720	2
6721	2
6722	2
6723	2
6724	2
6725	2
6726	2
6727	2
6728	2
6729	2
6730	2
6731	2
6732	2
6733	2
6734	2
6735	2
6736	2
6737	2
6738	2
6739	2
6740	2
6741	2
6742	2
6743	2
6744	2
6745	2
6746	2
6747	2
6748	2
6749	2
6750	2
6751	2
6752	2
6753	2
6754	2
6755	2
6756	2
6757	2
6758	2
6759	2
6760	2
6761	2
6762	2
6763	2
6764	2
6765	2
6766	2
6767	2
6768	2
6769	2
6770	2
6771	2
6772	2
6773	2
6774	2
6775	2
6776	2
6777	2
6778	2
6779	2
6780	2
6781	2
6782	2
6783	2
6784	2
6785	2
6786	2
6787	2
6788	2
6789	2
6790	2
6791	2
6792	2
6793	2
6794	2
6795	2
6796	2
6797	2
6798	2
6799	2
6800	2
6801	2
6802	2
6803	2
6804	2
6805	2
6806	2
6807	2
6808	2
6809	2
6810	2
6811	2
6812	2
6813	2
6814	2
6815	2
6816	2
6817	2
6818	2
6819	2
6820	2
6821	2
6822	2
6823	2
6824	2
6825	2
6826	2
6827	2
6828	2
6829	2
6830	2
6831	2
6832	2
6833	2
6834	2
6835	2
6836	2
6837	2
6838	2
6839	2
6840	2
6841	2
6842	2
6843	2
6844	2
6845	2
6846	2
6847	2
6848	2
6849	2
6850	2
6851	2
6852	2
6853	2
6854	2
6855	2
6856	2
6857	2
6858	2
6859	2
6860	2
6861	2
6862	2
6863	2
6864	2
6865	2
6866	2
6867	2
6868	2
6869	2
6870	2
6871	2
6872	2
6873	2
6874	2
6875	2
6876	2
6877	2
6878	2
6879	2
6880	2
6881	2
6882	2
6883	2
6884	2
6885	2
6886	2
6887	2
6888	2
6889	2
6890	2
6891	2
6892	2
6893	2
6894	2
6895	2
6896	2
6897	2
6898	2
6899	2
6900	2
6901	2
6902	2
6903	2
6904	2
6905	2
6906	2
6907	2
6908	2
6909	2
6910	2
6911	2
6912	2
6913	2
6914	2
6915	2
6916	2
6917	2
6918	2
6919	2
6920	2
6921	2
6922	2
6923	2
6924	2
6925	2
6926	2
6927	2
6928	2
6929	2
6930	2
6931	2
6932	2
6933	2
6934	2
6935	2
6936	2
6937	2
6938	2
6939	2
6940	2
6941	2
6942	2
6943	2
6944	2
6945	2
6946	2
6947	2
6948	2
6949	2
6950	2
6951	2
6952	2
6953	2
6954	2
6955	2
6956	2
6957	2
6958	2
6959	2
6960	2
6961	2
6962	2
6963	2
6964	2
6965	2
6966	2
6967	2
6968	2
6969	2
6970	2
6971	2
6972	2
6973	2
6974	2
6975	2
6976	2
6977	2
6978	2
6979	2
6980	2
6981	2
6982	2
6983	2
6984	2
6985	2
6986	2
6987	2
6988	2
6989	2
6990	2
6991	2
6992	2
6993	2
6994	2
6995	2
6996	2
6997	2
6998	2
6999	2
7000	2
7001	2
7002	2
7003	2
7004	2
7005	2
7006	2
7007	2
7008	2
7009	2
7010	2
7011	2
7012	2
7013	2
7014	2
7015	2
7016	2
7017	2
7018	2
7019	2
7020	2
7021	2
7022	2
7023	2
7024	2
7025	2
7026	2
7027	2
7028	2
7029	2
7030	2
7031	2
7032	2
7033	2
7034	2
7035	2
7036	2
7037	2
7038	2
7039	2
7040	2
7041	2
7042	2
7043	2
7044	2
7045	2
7046	2
7047	2
7048	2
7049	2
7050	2
7051	2
7052	2
7053	2
7054	2
7055	2
7056	2
7057	2
7058	2
7059	2
7060	2
7061	2
7062	2
7063	2
7064	2
7065	2
7066	2
7067	2
7068	2
7069	2
7070	2
7071	2
7072	2
7073	2
7074	2
7075	2
7076	2
7077	2
7078	2
7079	2
7080	2
7081	2
7082	2
7083	2
7084	2
7085	2
7086	2
7087	2
7088	2
7089	2
7090	2
7091	2
7092	2
7093	2
7094	2
7095	2
7096	2
7097	2
7098	2
7099	2
7100	2
7101	2
7102	2
7103	2
7104	2
7105	2
7106	2
7107	2
7108	2
7109	2
7110	2
7111	2
7112	2
7113	2
7114	2
7115	2
7116	2
7117	2
7118	2
7119	2
7120	2
7121	2
7122	2
7123	2
7124	2
7125	2
7126	2
7127	2
7128	2
7129	2
7130	2
7131	2
7132	2
7133	2
7134	2
7135	2
7136	2
7137	2
7138	2
7139	2
7140	2
7141	2
7142	2
7143	2
7144	2
7145	2
7146	2
7147	2
7148	2
7149	2
7150	2
7151	2
7152	2
7153	2
7154	2
7155	2
7156	2
7157	2
7158	2
7159	2
7160	2
7161	2
7162	2
7163	2
7164	2
7165	2
7166	2
7167	2
7168	2
7169	2
7170	2
7171	2
7172	2
7173	2
7174	2
7175	2
7176	2
7177	2
7178	2
7179	2
7180	2
7181	2
7182	2
7183	2
7184	2
7185	2
7186	2
7187	2
7188	2
7189	2
7190	2
7191	2
7192	2
7193	2
7194	2
7195	2
7196	2
7197	2
7198	2
7199	2
7200	2
7201	2
7202	2
7203	2
7204	2
7205	2
7206	2
7207	2
7208	2
7209	2
7210	2
7211	2
7212	2
7213	2
7214	2
7215	2
7216	2
7217	2
7218	2
7219	2
7220	2
7221	2
7222	2
7223	2
7224	2
7225	2
7226	2
7227	2
7228	2
7229	2
7230	2
7231	2
7232	2
7233	2
7234	2
7235	2
7236	2
7237	2
7238	2
7239	2
7240	2
7241	2
7242	2
7243	2
7244	2
7245	2
7246	2
7247	2
7248	2
7249	2
7250	2
7251	2
7252	2
7253	2
7254	2
7255	2
7256	2
7257	2
7258	2
7259	2
7260	2
7261	2
7262	2
7263	2
7264	2
7265	2
7266	2
7267	2
7268	2
7269	2
7270	2
7271	2
7272	2
7273	2
7274	2
7275	2
7276	2
7277	2
7278	2
7279	2
7280	2
7281	2
7282	2
7283	2
7284	2
7285	2
7286	2
7287	2
7288	2
7289	2
7290	2
7291	2
7292	2
7293	2
7294	2
7295	2
7296	2
7297	2
7298	2
7299	2
7300	2
7301	2
7302	2
7303	2
7304	2
7305	2
7306	2
7307	2
7308	2
7309	2
7310	2
7311	2
7312	2
7313	2
7314	2
7315	2
7316	2
7317	2
7318	2
7319	2
7320	2
7321	2
7322	2
7323	2
7324	2
7325	2
7326	2
7327	2
7328	2
7329	2
7330	2
7331	2
7332	2
7333	2
7334	2
7335	2
7336	2
7337	2
7338	2
7339	2
7340	2
7341	2
7342	2
7343	2
7344	2
7345	2
7346	2
7347	2
7348	2
7349	2
7350	2
7351	2
7352	2
7353	2
7354	2
7355	2
7356	2
7357	2
7358	2
7359	2
7360	2
7361	2
7362	2
7363	2
7364	2
7365	2
7366	2
7367	2
7368	2
7369	2
7370	2
7371	2
7372	2
7373	2
7374	2
7375	2
7376	2
7377	2
7378	2
7379	2
7380	2
7381	2
7382	2
7383	2
7384	2
7385	2
7386	2
7387	2
7388	2
7389	2
7390	2
7391	2
7392	2
7393	2
7394	2
7395	2
7396	2
7397	2
7398	2
7399	2
7400	2
7401	2
7402	2
7403	2
7404	2
7405	2
7406	2
7407	2
7408	2
7409	2
7410	2
7411	2
7412	2
7413	2
7414	2
7415	2
7416	2
7417	2
7418	2
7419	2
7420	2
7421	2
7422	2
7423	2
7424	2
7425	2
7426	2
7427	2
7428	2
7429	2
7430	2
7431	2
7432	2
7433	2
7434	2
7435	2
7436	2
7437	2
7438	2
7439	2
7440	2
7441	2
7442	2
7443	2
7444	2
7445	2
7446	2
7447	2
7448	2
7449	2
7450	2
7451	2
7452	2
7453	2
7454	2
7455	2
7456	2
7457	2
7458	2
7459	2
7460	2
7461	2
7462	2
7463	2
7464	2
7465	2
7466	2
7467	2
7468	2
7469	2
7470	2
7471	2
7472	2
7473	2
7474	2
7475	2
7476	2
7477	2
7478	2
7479	2
7480	2
7481	2
7482	2
7483	2
7484	2
7485	2
7486	2
7487	2
7488	2
7489	2
7490	2
7491	2
7492	2
7493	2
7494	2
7495	2
7496	2
7497	2
7498	2
7499	2
7500	2
7501	2
7502	2
7503	2
7504	2
7505	2
7506	2
7507	2
7508	2
7509	2
7510	2
7511	2
7512	2
7513	2
7514	2
7515	2
7516	2
7517	2
7518	2
7519	2
7520	2
7521	2
7522	2
7523	2
7524	2
7525	2
7526	2
7527	2
7528	2
7529	2
7530	2
7531	2
7532	2
7533	2
7534	2
7535	2
7536	2
7537	2
7538	2
7539	2
7540	2
7541	2
7542	2
7543	2
7544	2
7545	2
7546	2
7547	2
7548	2
7549	2
7550	2
7551	2
7552	2
7553	2
7554	2
7555	2
7556	2
7557	2
7558	2
7559	2
7560	2
7561	2
7562	2
7563	2
7564	2
7565	2
7566	2
7567	2
7568	2
7569	2
7570	2
7571	2
7572	2
7573	2
7574	2
7575	2
7576	2
7577	2
7578	2
7579	2
7580	2
7581	2
7582	2
7583	2
7584	2
7585	2
7586	2
7587	2
7588	2
7589	2
7590	2
7591	2
7592	1.75
7593	1.75
7594	1.75
7595	1.75
7596	1.75
7597	1.66667
7598	1.66667
7599	1.66667
7600	1.66667
7601	1.66667
7602	1.66667
7603	1.66667
7604	1.66667
7605	1.66667
7606	1.66667
7607	1.66667
7608	1.66667
7609	1.66667
7610	1.66667
7611	1.66667
7612	1.66667
7613	1.66667
7614	1.66667
7615	1.66667
7616	1.66667
7617	1.66667
7618	1.66667
7619	1.66667
7620	1.66667
7621	1.66667
7622	1.66667
7623	1.6
7624	1.5
7625	1.5
7626	1.5
7627	1.5
7628	1.5
7629	1.5
7630	1.5
7631	1.5
7632	1.5
7633	1.5
7634	1.5
7635	1.5
7636	1.5
7637	1.5
7638	1.5
7639	1.5
7640	1.5
7641	1.5
7642	1.5
7643	1.5
7644	1.5
7645	1.5
7646	1.5
7647	1.5
7648	1.5
7649	1.5
7650	1.5
7651	1.5
7652	1.5
7653	1.5
7654	1.5
7655	1.5
7656	1.5
7657	1.5
7658	1.5
7659	1.5
7660	1.5
7661	1.5
7662	1.5
7663	1.5
7664	1.5
7665	1.5
7666	1.5
7667	1.5
7668	1.5
7669	1.5
7670	1.5
7671	1.5
7672	1.5
7673	1.5
7674	1.5
7675	1.5
7676	1.5
7677	1.5
7678	1.5
7679	1.5
7680	1.5
7681	1.5
7682	1.5
7683	1.5
7684	1.5
7685	1.5
7686	1.5
7687	1.5
7688	1.5
7689	1.5
7690	1.5
7691	1.5
7692	1.5
7693	1.5
7694	1.5
7695	1.5
7696	1.5
7697	1.5
7698	1.5
7699	1.5
7700	1.5
7701	1.5
7702	1.5
7703	1.5
7704	1.5
7705	1.5
7706	1.5
7707	1.5
7708	1.5
7709	1.5
7710	1.5
7711	1.5
7712	1.5
7713	1.5
7714	1.5
7715	1.5
7716	1.5
7717	1.5
7718	1.5
7719	1.5
7720	1.5
7721	1.5
7722	1.5
7723	1.5
7724	1.5
7725	1.5
7726	1.5
7727	1.5
7728	1.5
7729	1.5
7730	1.5
7731	1.5
7732	1.5
7733	1.5
7734	1.5
7735	1.5
7736	1.5
7737	1.5
7738	1.5
7739	1.5
7740	1.5
7741	1.5
7742	1.5
7743	1.5
7744	1.5
7745	1.5
7746	1.5
7747	1.5
7748	1.5
7749	1.5
7750	1.4
7751	1.33333
7752	1.33333
7753	1.33333
7754	1.33333
7755	1.33333
7756	1.33333
7757	1.33333
7758	1.33333
7759	1.33333
7760	1.33333
7761	1.33333
7762	1.33333
7763	1.33333
7764	1.33333
7765	1.33333
7766	1.33333
7767	1.33333
7768	1.33333
7769	1.33333
7770	1.33333
7771	1.33333
7772	1.33333
7773	1.33333
7774	1.33333
7775	1.33333
7776	1.33333
7777	1.33333
7778	1.33333
7779	1.33333
7780	1.33333
7781	1.33333
7782	1.33333
7783	1.33333
7784	1.25
7785	1.25
7786	1.25
7787	1.25
7788	1.25
7789	1.25
7790	1.25
7791	1.25
7792	1.25
7793	1.2
7794	1.2
7795	1.2
7796	1.16667
7797	1
7798	1
7799	1
7800	1
7801	1
7802	1
7803	1
7804	1
7805	1
7806	1
7807	1
7808	1
7809	1
7810	1
7811	1
7812	1
7813	1
7814	1
7815	1
7816	1
7817	1
7818	1
7819	1
7820	1
7821	1
7822	1
7823	1
7824	1
7825	1
7826	1
7827	1
7828	1
7829	1
7830	1
7831	1
7832	1
7833	1
7834	1
7835	1
7836	1
7837	1
7838	1
7839	1
7840	1
7841	1
7842	1
7843	1
7844	1
7845	1
7846	1
7847	1
7848	1
7849	1
7850	1
7851	1
7852	1
7853	1
7854	1
7855	1
7856	1
7857	1
7858	1
7859	1
7860	1
7861	1
7862	1
7863	1
7864	1
7865	1
7866	1
7867	1
7868	1
7869	1
7870	1
7871	1
7872	1
7873	1
7874	1
7875	1
7876	1
7877	1
7878	1
7879	1
7880	1
7881	1
7882	1
7883	1
7884	1
7885	1
7886	1
7887	1
7888	1
7889	1
7890	1
7891	1
7892	1
7893	1
7894	1
7895	1
7896	1
7897	1
7898	1
7899	1
7900	1
7901	1
7902	1
7903	1
7904	1
7905	1
7906	1
7907	1
7908	1
7909	1
7910	1
7911	1
7912	1
7913	1
7914	1
7915	1
7916	1
7917	1
7918	1
7919	1
7920	1
7921	1
7922	1
7923	1
7924	1
7925	1
7926	1
7927	1
7928	1
7929	1
7930	1
7931	1
7932	1
7933	1
7934	1
7935	1
7936	1
7937	1
7938	1
7939	1
7940	1
7941	1
7942	1
7943	1
7944	1
7945	1
7946	1
7947	1
7948	1
7949	1
7950	1
7951	1
7952	1
7953	1
7954	1
7955	1
7956	1
7957	1
7958	1
7959	1
7960	1
7961	1
7962	1
7963	1
7964	1
7965	1
7966	1
7967	1
7968	1
7969	1
7970	1
7971	1
7972	1
7973	1
7974	1
7975	1
7976	1
7977	1
7978	1
7979	1
7980	1
7981	1
7982	1
7983	1
7984	1
7985	1
7986	1
7987	1
7988	1
7989	1
7990	1
7991	1
7992	1
7993	1
7994	1
7995	1
7996	1
7997	1
7998	1
7999	1
8000	1
8001	1
8002	1
8003	1
8004	1
8005	1
8006	1
8007	1
8008	1
8009	1
8010	1
8011	1
8012	1
8013	1
8014	1
8015	1
8016	1
8017	1
8018	1
8019	1
8020	1
8021	1
8022	1
8023	1
8024	1
8025	1
8026	1
8027	1
8028	1
8029	1
8030	1
8031	1
8032	1
8033	1
8034	1
8035	1
8036	1
8037	1
8038	1
8039	1
8040	1
8041	1
8042	1
8043	1
8044	1
8045	1
8046	1
8047	1
8048	1
8049	1
8050	1
8051	1
8052	1
8053	1
8054	1
8055	1
8056	1
8057	1
8058	1
8059	1
8060	1
8061	1
8062	1
8063	1
8064	1
8065	1
8066	1
8067	1
8068	1
8069	1
8070	1
8071	1
8072	1
8073	1
8074	1
8075	1
8076	1
8077	1
8078	1
8079	1
8080	1
8081	1
8082	1
8083	1
8084	1
8085	1
8086	1
8087	1
8088	1
8089	1
8090	1
8091	1
8092	1
8093	1
8094	1
8095	1
8096	1
8097	1
8098	1
8099	1
8100	1
8101	1
8102	1
8103	1
8104	1
8105	1
8106	1
8107	1
8108	1
8109	1
8110	1
8111	1
8112	1
8113	1
8114	1
8115	1
8116	1
8117	1
8118	1
8119	1
8120	1
8121	1
8122	1
8123	1
8124	1
8125	1
8126	1
8127	1
8128	1
8129	1
8130	1
8131	1
8132	1
8133	1
8134	1
8135	1
8136	1
8137	1
8138	1
8139	1
8140	1
8141	1
8142	1
8143	1
8144	1
8145	1
8146	1
8147	1
8148	1
8149	1
8150	1
8151	1
8152	1
8153	1
8154	1
8155	1
8156	1
8157	1
8158	1
8159	1
8160	1
8161	1
8162	1
8163	1
8164	1
8165	1
8166	1
8167	1
8168	1
8169	1
8170	1
8171	1
8172	1
8173	1
8174	1
8175	1
8176	1
8177	1
8178	1
8179	1
8180	1
8181	1
8182	1
8183	1
8184	1
8185	1
8186	1
8187	1
8188	1
8189	1
8190	1
8191	1
8192	1
8193	1
8194	1
8195	1
8196	1
8197	1
8198	1
8199	1
8200	1
8201	1
8202	1
8203	1
8204	1
8205	1
8206	1
8207	1
8208	1
8209	1
8210	1
8211	1
8212	1
8213	1
8214	1
8215	1
8216	1
8217	1
8218	1
8219	1
8220	1
8221	1
8222	1
8223	1
8224	1
8225	1
8226	1
8227	1
8228	1
8229	1
8230	1
8231	1
8232	1
8233	1
8234	1
8235	1
8236	1
8237	1
8238	1
8239	1
8240	1
8241	1
8242	1
8243	1
8244	1
8245	1
8246	1
8247	1
8248	1
8249	1
8250	1
8251	1
8252	1
8253	1
8254	1
8255	1
8256	1
8257	1
8258	1
8259	1
8260	1
8261	1
8262	1
8263	1
8264	1
8265	1
8266	1
8267	1
8268	1
8269	1
8270	1
8271	1
8272	1
8273	1
8274	1
8275	1
8276	1
8277	1
8278	1
8279	1
8280	1
8281	1
8282	1
8283	1
8284	1
8285	1
8286	1
8287	1
8288	1
8289	1
8290	1
8291	1
8292	1
8293	1
8294	1
8295	1
8296	1
8297	1
8298	1
8299	1
8300	1
8301	1
8302	1
8303	1
8304	1
8305	1
8306	1
8307	1
8308	1
8309	1
8310	1
8311	1
8312	1
8313	1
8314	1
8315	1
8316	1
8317	1
8318	1
8319	1
8320	1
8321	1
8322	1
8323	1
8324	1
8325	1
8326	1
8327	1
8328	1
8329	1
8330	1
8331	1
8332	1
8333	1
8334	1
8335	1
8336	1
8337	1
8338	1
8339	1
8340	1
8341	1
8342	1
8343	1
8344	1
8345	1
8346	1
8347	1
8348	1
8349	1
8350	1
8351	1
8352	1
8353	1
8354	1
8355	1
8356	1
8357	1
8358	1
8359	1
8360	1
8361	1
8362	1
8363	1
8364	1
8365	1
8366	1
8367	1
8368	1
8369	1
8370	1
8371	1
8372	1
8373	1
8374	1
8375	1
8376	1
8377	1
8378	1
8379	1
8380	1
8381	1
8382	1
8383	1
8384	1
8385	1
8386	1
8387	1
8388	1
8389	1
8390	1
8391	1
8392	1
8393	1
8394	1
8395	1
8396	1
8397	1
8398	1
8399	1
8400	1
8401	1
8402	1
8403	1
8404	1
8405	1
8406	1
8407	1
8408	1
8409	1
8410	1
8411	1
8412	1
8413	1
8414	1
8415	1
8416	1
8417	1
8418	1
8419	1
8420	1
8421	1
8422	1
8423	1
8424	1
8425	1
8426	1
8427	1
8428	1
8429	1
8430	1
8431	1
8432	1
8433	1
8434	1
8435	1
8436	1
8437	1
8438	1
8439	1
8440	1
8441	1
8442	1
8443	1
8444	1
8445	1
8446	1
8447	1
8448	1
8449	1
8450	1
8451	1
8452	1
8453	1
8454	1
8455	1
8456	1
8457	1
8458	1
8459	1
8460	1
8461	1
8462	1
8463	1
8464	1
8465	1
8466	1
8467	1
8468	1
8469	1
8470	1
8471	1
8472	1
8473	1
8474	1
8475	1
8476	1
8477	1
8478	1
8479	1
8480	1
8481	1
8482	1
8483	1
8484	1
8485	1
8486	1
8487	1
8488	1
8489	1
8490	1
8491	1
8492	1
8493	1
8494	1
8495	1
8496	1
8497	1
8498	1
8499	1
8500	1
8501	1
8502	1
8503	1
8504	1
8505	1
8506	1
8507	1
8508	1
8509	1
8510	1
8511	1
8512	1
8513	1
8514	1
8515	1
8516	1
8517	1
8518	1
8519	1
8520	1
8521	1
8522	1
8523	1
8524	1
8525	1
8526	1
8527	1
8528	1
8529	1
8530	1
8531	1
8532	1
8533	1
8534	1
8535	1
8536	1
8537	1
8538	1
8539	1
8540	1
8541	1
8542	1
8543	1
8544	1
8545	1
8546	1
8547	1
8548	1
8549	1
8550	1
8551	1
8552	1
8553	1
8554	1
8555	1
8556	1
8557	1
8558	1
8559	1
8560	1
8561	1
8562	1
8563	1
8564	1
8565	1
8566	1
8567	1
8568	1
8569	1
8570	1
8571	1
8572	1
8573	1
8574	1
8575	1
8576	1
8577	1
8578	1
8579	1
8580	1
8581	1
8582	1
8583	1
8584	1
8585	1
8586	1
8587	1
8588	1
8589	1
8590	1
8591	1
8592	1
8593	1
8594	1
8595	1
8596	1
8597	1
8598	1
8599	1
8600	1
8601	1
8602	1
8603	1
8604	1
8605	1
8606	1
8607	1
8608	1
8609	1
8610	1
8611	1
8612	1
8613	1
8614	1
8615	1
8616	1
8617	1
8618	1
8619	1
8620	1
8621	1
8622	1
8623	1
8624	1
8625	1
8626	1
8627	1
8628	1
8629	1
8630	1
8631	1
8632	1
8633	1
8634	1
8635	1
8636	1
8637	1
8638	1
8639	1
8640	1
8641	1
8642	1
8643	1
8644	1
8645	1
8646	1
8647	1
8648	1
8649	1
8650	1
8651	1
8652	1
8653	1
8654	1
8655	1
8656	1
8657	1
8658	1
8659	1
8660	1
8661	1
8662	1
8663	1
8664	1
8665	1
8666	1
8667	1
8668	1
8669	1
8670	1
8671	1
8672	1
8673	1
8674	1
8675	1
8676	1
8677	1
8678	1
8679	1
8680	1
8681	1
8682	1
8683	1
8684	1
8685	1
8686	1
8687	1
8688	1
8689	1
8690	1
8691	1
8692	1
8693	1
8694	1
8695	1
8696	1
8697	1
8698	1
8699	1
8700	1
8701	1
8702	1
8703	1
8704	1
8705	1
8706	1
8707	1
8708	1
8709	1
8710	1
8711	1
8712	1
8713	1
8714	1
8715	1
8716	1
8717	1
8718	1
8719	1
8720	1
8721	1
8722	1
8723	1
8724	1
8725	1
8726	1
8727	1
8728	1
8729	1
8730	1
8731	1
8732	1
8733	1
8734	1
8735	1
8736	1
8737	1
8738	1
8739	1
8740	1
8741	1
8742	1
8743	1
8744	1
8745	1
8746	1
8747	1
8748	1
8749	1
8750	1
8751	1
8752	1
8753	1
8754	1
8755	1
8756	1
8757	1
8758	1
8759	1
8760	1
8761	1
8762	1
8763	1
8764	1
8765	1
8766	1
8767	1
8768	1
8769	1
8770	1
8771	1
8772	1
8773	1
8774	1
8775	1
8776	1
8777	1
8778	1
8779	1
8780	1
8781	1
8782	1
8783	1
8784	1
8785	1
8786	1
8787	1
8788	1
8789	1
8790	1
8791	1
8792	1
8793	1
8794	1
8795	1
8796	1
8797	1
8798	1
8799	1
8800	1
8801	1
8802	1
8803	1
8804	1
8805	1
8806	1
8807	1
8808	1
8809	1
8810	1
8811	1
8812	1
8813	1
8814	1
8815	1
8816	1
8817	1
8818	1
8819	1
8820	1
8821	1
8822	1
8823	1
8824	1
8825	1
8826	1
8827	1
8828	1
8829	1
8830	1
8831	1
8832	1
8833	1
8834	1
8835	1
8836	1
8837	1
8838	1
8839	1
8840	1
8841	1
8842	1
8843	1
8844	1
8845	1
8846	1
8847	1
8848	1
8849	1
8850	1
8851	1
8852	1
8853	1
8854	1
8855	1
8856	1
8857	1
8858	1
8859	1
8860	1
8861	1
8862	1
8863	1
8864	1
8865	1
8866	1
8867	1
8868	1
8869	1
8870	1
8871	1
8872	1
8873	1
8874	1
8875	1
8876	1
8877	1
8878	1
8879	1
8880	1
8881	1
8882	1
8883	1
8884	1
8885	1
8886	1
8887	1
8888	1
8889	1
8890	1
8891	1
8892	1
8893	1
8894	1
8895	1
8896	1
8897	1
8898	1
8899	1
8900	1
8901	1
8902	1
8903	1
8904	1
8905	1
8906	1
8907	1
8908	1
8909	1
8910	1
8911	1
8912	1
8913	1
8914	1
8915	1
8916	1
8917	1
8918	1
8919	1
8920	1
8921	1
8922	1
8923	1
8924	1
8925	1
8926	1
8927	1
8928	1
8929	1
8930	1
8931	1
8932	1
8933	1
8934	1
8935	1
8936	1
8937	1
8938	1
8939	1
8940	1
8941	1
8942	1
8943	1
8944	1
8945	1
8946	1
8947	1
8948	1
8949	1
8950	1
8951	1
8952	1
8953	1
8954	1
8955	1
8956	1
8957	1
8958	1
8959	1
8960	1
8961	1
8962	1
8963	1
8964	1
8965	1
8966	1
8967	1
8968	1
8969	1
8970	1
8971	1
8972	1
8973	1
8974	1
8975	1
8976	1
8977	1
8978	1
8979	1
8980	1
8981	1
8982	1
8983	1
8984	1
8985	1
8986	1
8987	1
8988	1
8989	1
8990	1
8991	1
8992	1
8993	1
8994	1
8995	1
8996	1
8997	0.833333
8998	0.833333
8999	0.8
9000	0.8
9001	0.8
9002	0.8
9003	0.8
9004	0.8
9005	0.75
9006	0.75
9007	0.75
9008	0.75
9009	0.75
9010	0.75
9011	0.75
9012	0.75
9013	0.75
9014	0.75
9015	0.75
9016	0.75
9017	0.714286
9018	0.666667
9019	0.666667
9020	0.666667
9021	0.666667
9022	0.666667
9023	0.666667
9024	0.666667
9025	0.666667
9026	0.666667
9027	0.666667
9028	0.666667
9029	0.666667
9030	0.666667
9031	0.666667
9032	0.666667
9033	0.666667
9034	0.666667
9035	0.666667
9036	0.666667
9037	0.666667
9038	0.666667
9039	0.666667
9040	0.666667
9041	0.666667
9042	0.666667
9043	0.666667
9044	0.666667
9045	0.666667
9046	0.666667
9047	0.666667
9048	0.666667
9049	0.666667
9050	0.666667
9051	0.666667
9052	0.666667
9053	0.666667
9054	0.666667
9055	0.666667
9056	0.666667
9057	0.666667
9058	0.666667
9059	0.666667
9060	0.666667
9061	0.666667
9062	0.666667
9063	0.666667
9064	0.666667
9065	0.666667
9066	0.666667
9067	0.666667
9068	0.666667
9069	0.666667
9070	0.666667
9071	0.666667
9072	0.666667
9073	0.666667
9074	0.666667
9075	0.666667
9076	0.666667
9077	0.636364
9078	0.625
9079	0.6
9080	0.6
9081	0.6
9082	0.6
9083	0.6
9084	0.555556
9085	0.555556
9086	0.5
9087	0.5
9088	0.5
9089	0.5
9090	0.5
9091	0.5
9092	0.5
9093	0.5
9094	0.5
9095	0.5
9096	0.5
9097	0.5
9098	0.5
9099	0.5
9100	0.5
9101	0.5
9102	0.5
9103	0.5
9104	0.5
9105	0.5
9106	0.5
9107	0.5
9108	0.5
9109	0.5
9110	0.5
9111	0.5
9112	0.5
9113	0.5
9114	0.5
9115	0.5
9116	0.5
9117	0.5
9118	0.5
9119	0.5
9120	0.5
9121	0.5
9122	0.5
9123	0.5
9124	0.5
9125	0.5
9126	0.5
9127	0.5
9128	0.5
9129	0.5
9130	0.5
9131	0.5
9132	0.5
9133	0.5
9134	0.5
9135	0.5
9136	0.5
9137	0.5
9138	0.5
9139	0.5
9140	0.5
9141	0.5
9142	0.5
9143	0.5
9144	0.5
9145	0.5
9146	0.5
9147	0.5
9148	0.5
9149	0.5
9150	0.5
9151	0.5
9152	0.5
9153	0.5
9154	0.5
9155	0.5
9156	0.5
9157	0.5
9158	0.5
9159	0.5
9160	0.5
9161	0.5
9162	0.5
9163	0.5
9164	0.5
9165	0.5
9166	0.5
9167	0.5
9168	0.5
9169	0.5
9170	0.5
9171	0.5
9172	0.5
9173	0.5
9174	0.5
9175	0.5
9176	0.5
9177	0.5
9178	0.5
9179	0.5
9180	0.5
9181	0.5
9182	0.5
9183	0.5
9184	0.5
9185	0.5
9186	0.5
9187	0.5
9188	0.5
9189	0.5
9190	0.5
9191	0.5
9192	0.5
9193	0.5
9194	0.5
9195	0.5
9196	0.5
9197	0.5
9198	0.5
9199	0.5
9200	0.5
9201	0.5
9202	0.5
9203	0.5
9204	0.5
9205	0.5
9206	0.5
9207	0.5
9208	0.5
9209	0.5
9210	0.5
9211	0.5
9212	0.5
9213	0.5
9214	0.5
9215	0.5
9216	0.5
9217	0.5
9218	0.5
9219	0.5
9220	0.5
9221	0.5
9222	0.5
9223	0.5
9224	0.5
9225	0.5
9226	0.5
9227	0.5
9228	0.5
9229	0.5
9230	0.5
9231	0.5
9232	0.5
9233	0.5
9234	0.5
9235	0.5
9236	0.5
9237	0.5
9238	0.5
9239	0.5
9240	0.5
9241	0.5
9242	0.5
9243	0.5
9244	0.5
9245	0.5
9246	0.5
9247	0.5
9248	0.5
9249	0.5
9250	0.5
9251	0.444444
9252	0.428571
9253	0.428571
9254	0.428571
9255	0.4
9256	0.4
9257	0.4
9258	0.4
9259	0.4
9260	0.4
9261	0.4
9262	0.4
9263	0.4
9264	0.4
9265	0.4
9266	0.4
9267	0.4
9268	0.375
9269	0.375
9270	0.363636
9271	0.333333
9272	0.333333
9273	0.333333
9274	0.333333
9275	0.333333
9276	0.333333
9277	0.333333
9278	0.333333
9279	0.333333
9280	0.333333
9281	0.333333
9282	0.333333
9283	0.333333
9284	0.333333
9285	0.333333
9286	0.333333
9287	0.333333
9288	0.333333
9289	0.333333
9290	0.333333
9291	0.333333
9292	0.333333
9293	0.333333
9294	0.333333
9295	0.333333
9296	0.333333
9297	0.333333
9298	0.333333
9299	0.333333
9300	0.333333
9301	0.333333
9302	0.333333
9303	0.333333
9304	0.333333
9305	0.333333
9306	0.333333
9307	0.333333
9308	0.333333
9309	0.333333
9310	0.333333
9311	0.333333
9312	0.333333
9313	0.333333
9314	0.333333
9315	0.333333
9316	0.333333
9317	0.333333
9318	0.333333
9319	0.333333
9320	0.333333
9321	0.333333
9322	0.333333
9323	0.333333
9324	0.333333
9325	0.333333
9326	0.333333
9327	0.285714
9328	0.285714
9329	0.285714
9330	0.285714
9331	0.285714
9332	0.285714
9333	0.272727
9334	0.272727
9335	0.25
9336	0.25
9337	0.25
9338	0.25
9339	0.25
9340	0.25
9341	0.25
9342	0.25
9343	0.25
9344	0.25
9345	0.25
9346	0.25
9347	0.25
9348	0.25
9349	0.25
9350	0.25
9351	0.25
9352	0.25
9353	0.25
9354	0.25
9355	0.25
9356	0.25
9357	0.230769
9358	0.222222
9359	0.2
9360	0.2
9361	0.2
9362	0.2
9363	0.2
9364	0.2
9365	0.2
9366	0.181818
9367	0.166667
9368	0.166667
9369	0.166667
9370	0.166667
9371	0.166667
9372	0.142857
9373	0.142857
9374	0.125
9375	0.125
9376	0.125
9377	0.117647
9378	0.114754
9379	0.1
9380	0.0943396
9381	0.0588235
9382	0
9383	0
9384	0
9385	0
9386	0
9387	0
9388	0
9389	0
9390	0
9391	0
9392	0
9393	0
9394	0
9395	0
9396	0
9397	0
9398	0
9399	0
9400	0
9401	0
9402	0
9403	0
9404	0
9405	0
9406	0
9407	0
9408	0
9409	0
9410	0
9411	0
9412	0
9413	0
9414	0
9415	0
9416	0
9417	0
9418	0
9419	0
9420	0
9421	0
9422	0
9423	0
9424	0
9425	0
9426	0
9427	0
9428	0
9429	0
9430	0
9431	0
9432	0
9433	0
9434	0
9435	0
9436	0
9437	0
9438	0
9439	0
9440	0
9441	0
9442	0
9443	0
9444	0
9445	0
9446	0
9447	0
9448	0
9449	0
9450	0
9451	0
9452	0
9453	0
9454	0
9455	0
9456	0
9457	0
9458	0
9459	0
9460	0
9461	0
9462	0
9463	0
9464	0
9465	0
9466	0
9467	0
9468	0
9469	0
9470	0
9471	0
9472	0
9473	0
9474	0
9475	0
9476	0
9477	0
9478	0
9479	0
9480	0
9481	0
9482	0
9483	0
9484	0
9485	0
9486	0
9487	0
9488	0
9489	0
9490	0
9491	0
9492	0
9493	0
9494	0
9495	0
9496	0
9497	0
9498	0
9499	0
9500	0
9501	0
9502	0
9503	0
9504	0
9505	0
9506	0
9507	0
9508	0
9509	0
9510	0
9511	0
9512	0
9513	0
9514	0
9515	0
9516	0
9517	0
9518	0
9519	0
9520	0
9521	0
9522	0
9523	0
9524	0
9525	0
9526	0
9527	0
9528	0
9529	0
9530	0
9531	0
9532	0
9533	0
9534	0
9535	0
9536	0
9537	0
9538	0
9539	0
9540	0
9541	0
9542	0
9543	0
9544	0
9545	0
9546	0
9547	0
9548	0
9549	0
9550	0
9551	0
9552	0
9553	0
9554	0
9555	0
9556	0
9557	0
9558	0
9559	0
9560	0
9561	0
9562	0
9563	0
9564	0
9565	0
9566	0
9567	0
9568	0
9569	0
9570	0
9571	0
9572	0
9573	0
9574	0
9575	0
9576	0
9577	0
9578	0
9579	0
9580	0
9581	0
9582	0
9583	0
9584	0
9585	0
9586	0
9587	0
9588	0
9589	0
9590	0
9591	0
9592	0
9593	0
9594	0
9595	0
9596	0
9597	0
9598	0
9599	0
9600	0
9601	0
9602	0
9603	0
9604	0
9605	0
9606	0
9607	0
9608	0
9609	0
9610	0
9611	0
9612	0
9613	0
9614	0
9615	0
9616	0
9617	0
9618	0
9619	0
9620	0
9621	0
9622	0
9623	0
9624	0
9625	0
9626	0
9627	0
9628	0
9629	0
9630	0
9631	0
9632	0
9633	0
9634	0
9635	0
9636	0
9637	0
9638	0
9639	0
9640	0
9641	0
9642	0
9643	0
9644	0
9645	0
9646	0
9647	0
9648	0
9649	0
9650	0
9651	0
9652	0
9653	0
9654	0
9655	0
9656	0
9657	0
9658	0
9659	0
9660	0
9661	0
9662	0
9663	0
9664	0
9665	0
9666	0
9667	0
9668	0
9669	0
9670	0
9671	0
9672	0
9673	0
9674	0
9675	0
9676	0
9677	0
9678	0
9679	0
9680	0
9681	0
9682	0
9683	0
9684	0
9685	0
9686	0
9687	0
9688	0
9689	0
9690	0
9691	0
9692	0
9693	0
9694	0
9695	0
9696	0
9697	0
9698	0
9699	0
9700	0
9701	0
9702	0
9703	0
9704	0
9705	0
9706	0
9707	0
9708	0
9709	0
9710	0
9711	0
9712	0
9713	0
9714	0
9715	0
9716	0
9717	0
9718	0
9719	0
9720	0
9721	0
9722	0
9723	0
9724	0
9725	0
9726	0
9727	0
9728	0
9729	0
9730	0
9731	0
9732	0
9733	0
9734	0
9735	0
9736	0
9737	0
9738	0
9739	0
9740	0
9741	0
9742	0
9743	0
9744	0
9745	0
9746	0
9747	0
9748	0
9749	0
9750	0
9751	0
9752	0
9753	0
9754	0
9755	0
9756	0
9757	0
9758	0
9759	0
9760	0
9761	0
9762	0
9763	0
9764	0
9765	0
9766	0
9767	0
9768	0
9769	0
9770	0
9771	0
9772	0
9773	0
9774	0
9775	0
9776	0
9777	0
9778	0
9779	0
9780	0
9781	0
9782	0
9783	0
9784	0
9785	0
9786	0
9787	0
9788	0
9789	0
9790	0
9791	0
9792	0
9793	0
9794	0
9795	0
9796	0
9797	0
9798	0
9799	0
9800	0
9801	0
9802	0
9803	0
9804	0
9805	0
9806	0
9807	0
9808	0
9809	0
9810	0
9811	0
9812	0
9813	0
9814	0
9815	0
9816	0
9817	0
9818	0
9819	0
9820	0
9821	0
9822	0
9823	0
9824	0
9825	0
9826	0
9827	0
9828	0
9829	0
9830	0
9831	0
9832	0
9833	0
9834	0
9835	0
9836	0
9837	0
9838	0
9839	0
9840	0
9841	0
9842	0
9843	0
9844	0
9845	0
9846	0
9847	0
9848	0
9849	0
9850	0
9851	0
9852	0
9853	0
9854	0
9855	0
9856	0
9857	0
9858	0
9859	0
9860	0
9861	0
9862	0
9863	0
9864	0
9865	0
9866	0
9867	0
9868	0
9869	0
9870	0
9871	0
9872	0
9873	0
9874	0
9875	0
9876	0
9877	0
9878	0
9879	0
9880	0
9881	0
9882	0
9883	0
9884	0
9885	0
9886	0
9887	0
9888	0
9889	0
9890	0
9891	0
9892	0
9893	0
9894	0
9895	0
9896	0
9897	0
9898	0
9899	0
9900	0
9901	0
9902	0
9903	0
9904	0
9905	0
9906	0
9907	0
9908	0
9909	0
9910	0
9911	0
9912	0
9913	0
9914	0
9915	0
9916	0
9917	0
9918	0
9919	0
9920	0
9921	0
9922	0
9923	0
9924	0
9925	0
9926	0
9927	0
9928	0
9929	0
9930	0
9931	0
9932	0
9933	0
9934	0
9935	0
9936	0
9937	0
9938	0
9939	0
9940	0
9941	0
9942	0
9943	0
9944	0
9945	0
9946	0
9947	0
9948	0
9949	0
9950	0
9951	0
9952	0
9953	0
9954	0
9955	0
9956	0
9957	0
9958	0
9959	0
9960	0
9961	0
9962	0
9963	0
9964	0
9965	0
9966	0
9967	0
9968	0
9969	0
9970	0
9971	0
9972	0
9973	0
9974	0
9975	0
9976	0
9977	0
9978	0
9979	0
9980	0
9981	0
9982	0
9983	0
9984	0
9985	0
9986	0
9987	0
9988	0
9989	0
9990	0
9991	0
9992	0
9993	0
9994	0
9995	0
9996	0
9997	0
9998	0
9999	0
10000	0
